0.000000000000000000e+00 4.582817124999999692e+01 7.396059262999999362e+01 6.332157689999999661e+01 6.079971673000000010e+01 3.574020854999999841e+01 4.423207021000000339e+01 0.000000000000000000e+00 0.000000000000000000e+00 0.000000000000000000e+00 1.780430336000000011e+02 1.147842045000000013e+02 4.486430485999999718e+01 8.518700789999999756e+01 1.075922482000000002e+02 1.273950652999999988e+02 1.021496000000000066e+02 1.258045869000000039e+02 0.000000000000000000e+00 1.236208304999999967e+02 0.000000000000000000e+00 9.875641251000000409e+01 2.189940319000000102e+01 1.843888435000000072e+02 9.496117400999999347e+01 0.000000000000000000e+00 9.045690917999999670e+01 1.307847519000000034e+02 1.181005135999999993e+02 1.036778335999999996e+02 1.336265313000000106e+02 1.137369798000000003e+02 0.000000000000000000e+00 1.185751534000000049e+02 1.305647893999999951e+02 1.132735305000000068e+02 8.373407618000000241e+01 1.130726669999999956e+02 0.000000000000000000e+00 8.233193970000000661e+01 1.269971237000000031e+02 7.743731307999999558e+01 5.192662453999999883e+01 7.109943099999999561e+01 8.721739705000000242e+01 1.134737030999999945e+02 8.316080200000000389e+01 7.357906796999999699e+01 0.000000000000000000e+00 0.000000000000000000e+00 0.000000000000000000e+00 1.209340413000000041e+02 1.573449096999999881e+02 0.000000000000000000e+00 0.000000000000000000e+00 0.000000000000000000e+00 1.692700043000000107e+02 0.000000000000000000e+00 9.968182373000000496e+01 1.788164367999999911e+02 0.000000000000000000e+00 0.000000000000000000e+00 0.000000000000000000e+00 1.622509918000000084e+02 0.000000000000000000e+00 1.482711104999999918e+02 0.000000000000000000e+00 1.307447357000000068e+02 0.000000000000000000e+00 0.000000000000000000e+00 1.593810032000000092e+02 0.000000000000000000e+00 1.516033961999999917e+02 1.544879947999999956e+02 0.000000000000000000e+00 1.358986663999999962e+02 1.525538358999999957e+02 1.641793594000000098e+02 0.000000000000000000e+00 1.416980437999999936e+02 0.000000000000000000e+00 0.000000000000000000e+00 0.000000000000000000e+00 1.037437915999999944e+02
4.582817124999999692e+01 0.000000000000000000e+00 1.554344704000000021e+01 2.386643304000000043e+01 1.387118399000000046e+01 2.089730661999999839e+01 3.118620595999999878e+01 2.303514241999999967e+01 1.042101363999999961e+02 6.888575188000000082e+01 5.839195537999999885e+01 9.210115793999999312e+01 5.952882003999999938e+01 7.614437963000000309e+01 8.406149551000000031e+01 6.750961345999999708e+01 5.368995398999999935e+01 9.363658936000000210e+01 6.582535986999999977e+01 9.590143145999999774e+01 1.000628975000000054e+01 6.805884202000000016e+01 5.024757766999999831e+01 6.503943710000000067e+01 6.899131583000000489e+01 7.041867985000000374e+01 6.324425163000000083e+01 9.496728260999999804e+01 6.249250665999999654e+01 5.886450093999999922e+01 6.447157187000000533e+01 7.625417794000000526e+01 9.058601570000000436e+01 7.021937035999999921e+01 6.931206272999999385e+01 8.004665045999999506e+01 6.434596163999999874e+01 6.158306952000000223e+01 9.864582824999999389e+01 6.581031344999999533e+01 4.380065417000000139e+01 4.526840467000000245e+01 5.570137476000000021e+01 2.535750244000000109e+01 9.589543236999999465e+01 1.234878805000000028e+02 8.113470839999999384e+01 1.188507565000000028e+02 1.101121801000000033e+02 0.000000000000000000e+00 1.330248794999999973e+02 6.925335728000000302e+01 1.108050027999999969e+02 8.030144500999999480e+01 0.000000000000000000e+00 1.504974213000000134e+02 1.344895951999999966e+02 1.557431779000000063e+02 7.394189821000000507e+01 1.291602897999999868e+02 0.000000000000000000e+00 1.479827880999999934e+02 0.000000000000000000e+00 1.532873093999999980e+02 1.182528686999999934e+02 9.522642516999999884e+01 1.226704466000000053e+02 0.000000000000000000e+00 1.310187436999999875e+02 0.000000000000000000e+00 1.120862683000000004e+02 6.082258758999999770e+01 1.091396878000000044e+02 1.244333634000000046e+02 1.217610906000000028e+02 1.214121018999999961e+02 1.057415776999999935e+02 1.381271965999999907e+02 1.433659285999999895e+02 1.133311321999999990e+02 0.000000000000000000e+00 0.000000000000000000e+00 1.231410141000000067e+02 1.223866021999999987e+02
7.396059262999999362e+01 1.554344704000000021e+01 0.000000000000000000e+00 1.167830280999999992e+01 9.203574276999999526e+00 3.699343927000000321e+01 2.478942642000000163e+01 6.723044895000000132e+00 1.149686813000000001e+02 3.432984849999999710e+01 3.533103117999999654e+01 1.275364761000000016e+02 0.000000000000000000e+00 1.038315244000000064e+02 1.043291942000000034e+02 1.279733032000000037e+02 8.744295572999999422e+01 1.119952744999999936e+02 2.766933926000000099e+01 0.000000000000000000e+00 2.899716206000000085e+01 7.360313034000000698e+01 4.664924011000000093e+01 4.196006355000000099e+01 4.368149788000000200e+01 4.116459574999999660e+01 4.288370431999999965e+01 1.057812653000000012e+02 4.805214477999999900e+01 4.772017404000000340e+01 4.323772177000000028e+01 7.309933759000000464e+01 1.717310391999999908e+01 4.361586130999999966e+01 4.516123308000000236e+01 7.307676804000000459e+01 5.933654477999999699e+01 4.177158850000000001e+01 4.602819303999999789e+01 0.000000000000000000e+00 3.760107613000000271e+01 2.824425373000000050e+01 7.446509190999999817e+01 7.695443774000000303e+01 2.978387143000000137e+01 9.778929748999999561e+01 8.711411284999999793e+01 0.000000000000000000e+00 0.000000000000000000e+00 1.094233338999999994e+01 0.000000000000000000e+00 5.626406814999999995e+01 8.156658172999999579e+01 0.000000000000000000e+00 0.000000000000000000e+00 0.000000000000000000e+00 1.074728367999999961e+02 0.000000000000000000e+00 1.359950255999999911e+02 0.000000000000000000e+00 5.226686663000000266e+01 0.000000000000000000e+00 4.878101534000000328e+01 1.520570145000000082e+02 0.000000000000000000e+00 7.808388064999999756e+01 8.897668917000000022e+01 7.529057534999999746e+01 8.187356633000000272e+01 0.000000000000000000e+00 8.933378487000000234e+01 4.000006598000000224e+01 9.448908796999999993e+01 1.041682227999999952e+02 5.270009934000000129e+01 7.991660817000000350e+01 8.472502165000000218e+01 1.024335892000000001e+02 9.382584380999999496e+01 1.026615871999999996e+02 7.117913885000000107e+01 0.000000000000000000e+00 9.752289580999999430e+01 1.231788444999999967e+02
6.332157689999999661e+01 2.386643304000000043e+01 1.167830280999999992e+01 0.000000000000000000e+00 5.279721711999999734e+00 2.265374641000000011e+01 6.348387867999999656e+00 6.343209067000000090e+00 6.885118262000000300e+01 5.215566823000000340e+01 5.009331965999999881e+01 9.210487308000000439e+01 1.310440825999999959e+02 7.757143847000000392e+01 8.572718589000000122e+01 6.012015647999999857e+01 7.175692587999999716e+01 1.003186651000000040e+02 2.843459555000000094e+01 9.986513662999999497e+01 1.197054535999999914e+01 5.535232740000000007e+01 7.607466524000000163e+01 7.529165992000000074e+01 5.784011715999999836e+01 4.536237753000000339e+01 4.281873983999999922e+01 9.588641259000000616e+01 6.209508033000000182e+01 6.811375653999999713e+01 6.110525780999999768e+01 8.450651906000000224e+01 3.253280747000000162e+01 5.195649068000000170e+01 5.977404624999999783e+01 8.386852260999999942e+01 3.688252237999999750e+01 6.638276195999999629e+01 5.765742335000000196e+01 4.197592699999999866e+01 2.479990357000000145e+01 9.001712563999999972e+00 8.784615304999999807e+01 1.268289817999999940e+02 7.242132159000000513e+01 9.467096951999999987e+01 6.775839566999999874e+01 1.225817131999999958e+02 5.431794865999999899e+01 3.203336934000000014e+01 1.261718673999999965e+02 5.579646919999999710e+01 9.346962596999999562e+01 1.574401092999999889e+02 0.000000000000000000e+00 1.344481811999999934e+02 1.418408410000000117e+02 1.507277804000000003e+02 8.614775108999999986e+01 1.807524605000000122e+02 1.552693634000000031e+02 1.986599349999999902e+02 8.455530690999999877e+01 1.579400532999999882e+02 0.000000000000000000e+00 1.029568242999999939e+02 1.120318546000000026e+02 1.391436793000000023e+02 1.128458435000000009e+02 0.000000000000000000e+00 1.293368027999999867e+02 6.759665880000000016e+01 1.079414148999999981e+02 1.308522625999999889e+02 7.056540733999999304e+01 9.808884064000000080e+01 9.410052785000000597e+01 1.455781489000000022e+02 1.466994560999999919e+02 1.287999198999999919e+02 8.656481933999999967e+01 0.000000000000000000e+00 0.000000000000000000e+00 8.586371981000000631e+01
6.079971673000000010e+01 1.387118399000000046e+01 9.203574276999999526e+00 5.279721711999999734e+00 0.000000000000000000e+00 1.023519278000000021e+01 6.716847010000000395e+00 6.974364055999999756e+00 7.460785866000000510e+01 5.511823082000000085e+01 8.231109365000000366e+01 8.895056304999999952e+01 0.000000000000000000e+00 4.666450849999999662e+01 7.616753260000000125e+01 9.916223239999999350e+01 6.678962266999999997e+01 9.373918990999999323e+01 4.570303513999999723e+01 9.205783463000000211e+01 8.437647786999999511e+00 4.584449387000000087e+01 8.782849120999999570e+01 6.810950850999999773e+01 5.786545028999999829e+01 5.508997458999999708e+01 4.913602330999999879e+01 9.509734726000000649e+01 6.791958999000000574e+01 6.656215095999999676e+01 6.846339093000000275e+01 8.496251802999999825e+01 0.000000000000000000e+00 5.828030539000000232e+01 6.824041832999999713e+01 8.429726227000000449e+01 6.821026659000000336e+01 7.405783793999999887e+01 0.000000000000000000e+00 4.566115283999999974e+01 3.326939391999999884e+01 5.114670594999999764e+01 8.136968579000000545e+01 1.033803024000000050e+02 1.049752045000000038e+02 5.966156883000000022e+01 2.937042235999999917e+01 9.657156589999999596e+01 4.756194878000000159e+01 2.332812691000000171e+01 1.381665496999999903e+02 5.803352814000000137e+01 9.853495026000000223e+01 0.000000000000000000e+00 0.000000000000000000e+00 0.000000000000000000e+00 1.635943552999999895e+02 1.594495239000000026e+02 8.365010725000000491e+01 2.189423827999999901e+02 0.000000000000000000e+00 0.000000000000000000e+00 0.000000000000000000e+00 1.505190786000000003e+02 0.000000000000000000e+00 1.038282372000000038e+02 0.000000000000000000e+00 0.000000000000000000e+00 1.154895781999999969e+02 1.823704223999999954e+02 1.165779469999999947e+02 7.152861595000000250e+01 1.201531200000000013e+02 1.186593787000000049e+02 6.299849701000000124e+01 1.039560912999999971e+02 1.030206029000000001e+02 1.403112563999999907e+02 1.914319000000000131e+02 1.286295623999999975e+02 9.994786071999999422e+01 0.000000000000000000e+00 0.000000000000000000e+00 5.804602694999999812e+01
3.574020854999999841e+01 2.089730661999999839e+01 3.699343927000000321e+01 2.265374641000000011e+01 1.023519278000000021e+01 0.000000000000000000e+00 1.474203918000000080e+01 1.003616276000000056e+02 9.298358790000000340e+01 7.513963318000000413e+01 6.883913422000000537e+01 7.814408210999999937e+01 1.249382941000000002e+01 1.778050504999999859e+01 7.154527066999999363e+01 3.506117789999999701e+01 1.779457988000000057e+01 7.972028484000000503e+01 9.455262756000000479e+01 5.451401160999999718e+01 5.966707432999999838e+01 4.895607263000000131e+01 1.062282476999999936e+01 8.487695094999999412e+01 1.405676880000000040e+02 0.000000000000000000e+00 1.266150741999999951e+02 6.732968485000000669e+01 7.818669561999999473e+01 6.616255390999999975e+01 8.194929156000000603e+01 6.387458663999999686e+01 0.000000000000000000e+00 1.405069962000000032e+02 8.756273142000000576e+01 8.224493789999999649e+01 5.307627928000000139e+01 6.715170003999999437e+01 0.000000000000000000e+00 3.549800928999999883e+01 3.950810242000000017e+01 3.290839051999999754e+01 7.102475866000000337e+01 7.684337725999999691e+01 9.855421447999999884e+01 1.267316344000000043e+02 4.915833664000000169e+01 1.042138663000000065e+02 7.884620818999999869e+01 0.000000000000000000e+00 1.306698073999999963e+02 7.585101826999999730e+01 1.334441147000000001e+02 1.330139325000000099e+02 0.000000000000000000e+00 1.233323974999999990e+02 1.164896975999999995e+02 1.627224908999999968e+02 8.260750923000000512e+01 9.929549106999999708e+01 0.000000000000000000e+00 0.000000000000000000e+00 0.000000000000000000e+00 1.422175903000000119e+02 0.000000000000000000e+00 1.081099367000000058e+02 0.000000000000000000e+00 0.000000000000000000e+00 0.000000000000000000e+00 1.032715759000000020e+02 1.306057561000000078e+02 7.232089487999999733e+01 1.426248169000000132e+02 1.106348648999999966e+02 0.000000000000000000e+00 0.000000000000000000e+00 1.166169543000000033e+02 1.242269749000000019e+02 1.460208015000000046e+02 1.278630418999999989e+02 0.000000000000000000e+00 0.000000000000000000e+00 1.307883865000000014e+02 7.893993616000000202e+01
4.423207021000000339e+01 3.118620595999999878e+01 2.478942642000000163e+01 6.348387867999999656e+00 6.716847010000000395e+00 1.474203918000000080e+01 0.000000000000000000e+00 2.447711669999999984e+01 6.268349074999999715e+01 0.000000000000000000e+00 0.000000000000000000e+00 1.061957634000000041e+02 1.027498377000000040e+01 1.939590653999999859e+01 9.367987992999999847e+01 2.650632132000000141e+01 7.634480412999999999e+01 1.066190763000000032e+02 5.872921371000000335e+01 9.137731465000000242e+01 7.850820424000000131e+00 3.921453430999999767e+01 4.264098548999999849e+01 0.000000000000000000e+00 0.000000000000000000e+00 0.000000000000000000e+00 7.209263991999999632e+01 1.001848102999999952e+02 8.237372397999999407e+01 0.000000000000000000e+00 0.000000000000000000e+00 9.410605716999999970e+01 0.000000000000000000e+00 6.065504456000000033e+01 1.609776153999999906e+02 1.047442879000000033e+02 3.021763715000000161e+01 9.589304461000000401e+01 7.551792908000000182e+01 1.726322011999999972e+01 0.000000000000000000e+00 5.614128297999999795e+00 0.000000000000000000e+00 1.556411667000000136e+02 4.015361785999999711e+01 5.990604145999999730e+01 4.580411110000000008e+01 1.326575597000000073e+02 5.456828986000000015e+01 4.244269562000000207e+01 1.548799539999999979e+02 0.000000000000000000e+00 0.000000000000000000e+00 0.000000000000000000e+00 0.000000000000000000e+00 9.116312408000000289e+01 1.479791609000000108e+02 1.599464568999999869e+02 9.583669281000000240e+01 0.000000000000000000e+00 0.000000000000000000e+00 0.000000000000000000e+00 0.000000000000000000e+00 1.701633911000000126e+02 0.000000000000000000e+00 1.919154815999999926e+02 0.000000000000000000e+00 0.000000000000000000e+00 0.000000000000000000e+00 0.000000000000000000e+00 1.590404358000000116e+02 0.000000000000000000e+00 0.000000000000000000e+00 1.428762424999999894e+02 0.000000000000000000e+00 0.000000000000000000e+00 0.000000000000000000e+00 1.562656222999999898e+02 1.664362945999999965e+02 1.500141295999999898e+02 0.000000000000000000e+00 0.000000000000000000e+00 0.000000000000000000e+00 4.941846263000000050e+01
0.000000000000000000e+00 2.303514241999999967e+01 6.723044895000000132e+00 6.343209067000000090e+00 6.974364055999999756e+00 1.003616276000000056e+02 2.447711669999999984e+01 0.000000000000000000e+00 0.000000000000000000e+00 4.677656506999999664e+01 0.000000000000000000e+00 0.000000000000000000e+00 0.000000000000000000e+00 0.000000000000000000e+00 9.344305420000000595e+01 0.000000000000000000e+00 1.120448712000000029e+02 0.000000000000000000e+00 1.442873372999999937e+01 0.000000000000000000e+00 6.846409099999999803e+00 6.343443680000000029e+01 0.000000000000000000e+00 0.000000000000000000e+00 0.000000000000000000e+00 4.528740056000000180e+01 0.000000000000000000e+00 1.210468369000000024e+02 0.000000000000000000e+00 7.369596638000000155e+01 0.000000000000000000e+00 1.198551865000000021e+02 8.798366656000000674e+00 4.483461506999999813e+01 6.324429491000000070e+01 1.406784820999999965e+02 5.767742919999999884e+01 0.000000000000000000e+00 5.871320151999999837e+01 0.000000000000000000e+00 0.000000000000000000e+00 1.692272738999999859e+01 0.000000000000000000e+00 0.000000000000000000e+00 1.555513329999999961e+01 2.963678550999999928e+01 2.249525832999999864e+01 5.662859344000000306e+01 4.816188812000000041e+01 1.296046375000000062e+01 0.000000000000000000e+00 0.000000000000000000e+00 0.000000000000000000e+00 0.000000000000000000e+00 0.000000000000000000e+00 0.000000000000000000e+00 1.897456511999999975e+02 0.000000000000000000e+00 0.000000000000000000e+00 0.000000000000000000e+00 2.806307029999999969e+01 0.000000000000000000e+00 3.792426363999999950e+01 0.000000000000000000e+00 0.000000000000000000e+00 0.000000000000000000e+00 0.000000000000000000e+00 0.000000000000000000e+00 0.000000000000000000e+00 0.000000000000000000e+00 0.000000000000000000e+00 0.000000000000000000e+00 0.000000000000000000e+00 0.000000000000000000e+00 1.243121655999999930e+01 8.263283665999999528e+01 1.047464255999999949e+02 1.635870818999999869e+02 0.000000000000000000e+00 0.000000000000000000e+00 6.348565291999999971e+01 0.000000000000000000e+00 0.000000000000000000e+00 1.047960267999999928e+01
0.000000000000000000e+00 1.042101363999999961e+02 1.149686813000000001e+02 6.885118262000000300e+01 7.460785866000000510e+01 9.298358790000000340e+01 6.268349074999999715e+01 0.000000000000000000e+00 0.000000000000000000e+00 1.245339661000000007e+02 0.000000000000000000e+00 1.116008886000000047e+02 0.000000000000000000e+00 9.827003732999999386e+01 2.644470872999999855e+01 6.244564368999999715e+01 8.295602512000000672e+01 1.148965668000000022e+02 1.104709091000000001e+02 0.000000000000000000e+00 0.000000000000000000e+00 2.691942372000000105e+01 8.848703002999999967e+01 9.595423508000000368e+01 1.070103268999999955e+02 1.377236887999999908e+02 1.193428416999999939e+02 1.140470047000000022e+02 8.375540161000000694e+01 8.358988189999999463e+01 1.026515438999999930e+02 8.682170809000000133e+01 0.000000000000000000e+00 1.460504958999999872e+02 1.387781506000000036e+02 1.013318610000000035e+02 2.220933253999999835e+01 3.636483121999999923e+01 0.000000000000000000e+00 8.886003112999999587e+01 0.000000000000000000e+00 7.470185709000000429e+01 0.000000000000000000e+00 1.352966843000000097e+02 0.000000000000000000e+00 1.427181549000000018e+02 1.392011565999999902e+02 0.000000000000000000e+00 0.000000000000000000e+00 0.000000000000000000e+00 0.000000000000000000e+00 0.000000000000000000e+00 0.000000000000000000e+00 0.000000000000000000e+00 0.000000000000000000e+00 0.000000000000000000e+00 1.414656372000000033e+02 1.767816315000000031e+02 8.311865233999999703e+01 0.000000000000000000e+00 0.000000000000000000e+00 0.000000000000000000e+00 0.000000000000000000e+00 0.000000000000000000e+00 0.000000000000000000e+00 1.197153931000000000e+02 0.000000000000000000e+00 0.000000000000000000e+00 1.954533233999999879e+02 0.000000000000000000e+00 1.428385467999999889e+02 9.844660949999999389e+01 0.000000000000000000e+00 1.314835002000000088e+02 0.000000000000000000e+00 0.000000000000000000e+00 0.000000000000000000e+00 1.408353180000000009e+02 0.000000000000000000e+00 1.473084055999999862e+02 0.000000000000000000e+00 0.000000000000000000e+00 0.000000000000000000e+00 0.000000000000000000e+00
0.000000000000000000e+00 6.888575188000000082e+01 3.432984849999999710e+01 5.215566823000000340e+01 5.511823082000000085e+01 7.513963318000000413e+01 0.000000000000000000e+00 4.677656506999999664e+01 1.245339661000000007e+02 0.000000000000000000e+00 4.345354215999999781e+01 0.000000000000000000e+00 0.000000000000000000e+00 0.000000000000000000e+00 0.000000000000000000e+00 0.000000000000000000e+00 7.873940747999999701e+01 0.000000000000000000e+00 6.514941063000000554e+01 0.000000000000000000e+00 4.809123426000000023e+01 0.000000000000000000e+00 1.005036048999999991e+02 5.369609547000000305e+01 5.845634168000000130e+01 5.547357749999999754e+01 5.720457128999999696e+01 0.000000000000000000e+00 0.000000000000000000e+00 1.737209054999999935e+01 6.922797393999999827e+01 7.908221115000000623e+01 1.882105268999999836e+01 5.369898165000000034e+01 2.602694126000000097e+01 1.073388709999999975e+02 0.000000000000000000e+00 0.000000000000000000e+00 6.200844457000000176e+01 0.000000000000000000e+00 0.000000000000000000e+00 5.214454768000000229e+01 1.238285522000000043e+02 7.726106007999999292e+01 5.224848365999999800e+01 5.688688965000000053e+01 0.000000000000000000e+00 0.000000000000000000e+00 0.000000000000000000e+00 0.000000000000000000e+00 0.000000000000000000e+00 1.284977680999999983e+01 9.004644011999999975e+01 0.000000000000000000e+00 0.000000000000000000e+00 0.000000000000000000e+00 2.016797637999999893e+02 0.000000000000000000e+00 0.000000000000000000e+00 0.000000000000000000e+00 8.450328063999999983e+01 0.000000000000000000e+00 8.124855888999999820e+01 0.000000000000000000e+00 0.000000000000000000e+00 0.000000000000000000e+00 6.888376664999999832e+01 0.000000000000000000e+00 8.242202186999999469e+01 0.000000000000000000e+00 0.000000000000000000e+00 0.000000000000000000e+00 7.273900604000000669e+01 0.000000000000000000e+00 5.643609028000000194e+01 8.668321844000000453e+01 6.543018988000000036e+01 1.358197059999999965e+02 0.000000000000000000e+00 0.000000000000000000e+00 1.026151830999999959e+02 0.000000000000000000e+00 0.000000000000000000e+00 4.544647979999999876e+01
1.780430336000000011e+02 5.839195537999999885e+01 3.533103117999999654e+01 5.009331965999999881e+01 8.231109365000000366e+01 6.883913422000000537e+01 0.000000000000000000e+00 0.000000000000000000e+00 0.000000000000000000e+00 4.345354215999999781e+01 0.000000000000000000e+00 1.289042772999999897e+02 0.000000000000000000e+00 1.242453095000000047e+02 1.010965201000000064e+02 1.205603397000000001e+02 9.613242339999999331e+01 1.193422671000000008e+02 7.698823928999999566e+01 1.399346619000000089e+02 0.000000000000000000e+00 1.245664643000000069e+02 1.680719451999999876e+02 1.067941112999999973e+02 3.748245199000000127e+01 7.399593638999999712e+01 6.588991330000000346e+01 1.814148407000000134e+02 7.298122146000000043e+01 6.183263276999999647e+01 2.955457531000000060e+01 9.564213297000000580e+01 0.000000000000000000e+00 2.473001624999999848e+01 3.354829271999999918e+01 9.518387248000000511e+01 1.395079880000000117e+02 8.245189284999999302e+01 0.000000000000000000e+00 0.000000000000000000e+00 1.109973868999999951e+02 5.654851091999999824e+01 1.410046005000000093e+02 1.158238992999999937e+02 8.590624110000000258e+01 1.103358599000000027e+02 1.098972143000000017e+02 0.000000000000000000e+00 0.000000000000000000e+00 0.000000000000000000e+00 1.984323272999999972e+02 5.001542186999999728e+01 9.830279111000000114e+01 0.000000000000000000e+00 0.000000000000000000e+00 0.000000000000000000e+00 1.690253142999999909e+02 2.419913940000000139e+02 1.638753203999999926e+02 2.292186737000000107e+02 0.000000000000000000e+00 2.157477264000000048e+02 0.000000000000000000e+00 1.756814880000000016e+02 1.789038390999999990e+02 1.370128402999999935e+02 1.144250344999999953e+02 0.000000000000000000e+00 1.231023026000000016e+02 0.000000000000000000e+00 1.469193319000000031e+02 1.108367367000000030e+02 1.096271830000000023e+02 1.587919224000000042e+02 1.337296905999999979e+02 1.046419470999999959e+02 9.647927011000000164e+01 1.655639304999999979e+02 1.528521728999999993e+02 1.594663457000000051e+02 0.000000000000000000e+00 0.000000000000000000e+00 0.000000000000000000e+00 1.065430254000000048e+02
1.147842045000000013e+02 9.210115793999999312e+01 1.275364761000000016e+02 9.210487308000000439e+01 8.895056304999999952e+01 7.814408210999999937e+01 1.061957634000000041e+02 0.000000000000000000e+00 1.116008886000000047e+02 0.000000000000000000e+00 1.289042772999999897e+02 0.000000000000000000e+00 1.015396422999999970e+02 6.834849386000000493e+01 5.629405582999999780e+01 1.012843533000000065e+02 5.872358738999999872e+01 1.916182139000000006e+01 0.000000000000000000e+00 3.339322379000000041e+01 0.000000000000000000e+00 1.090413924000000065e+02 7.302515615999999454e+01 0.000000000000000000e+00 1.370675219999999968e+02 0.000000000000000000e+00 0.000000000000000000e+00 1.351677409000000019e+01 0.000000000000000000e+00 0.000000000000000000e+00 1.703990784000000076e+02 1.919741110000000006e+01 0.000000000000000000e+00 1.462643012999999996e+02 0.000000000000000000e+00 1.770005769999999856e+01 1.055084800000000058e+02 9.003082274999999868e+01 0.000000000000000000e+00 0.000000000000000000e+00 9.532667542000000083e+01 1.018286384999999967e+02 0.000000000000000000e+00 9.669465044000000375e+01 0.000000000000000000e+00 1.464531859999999881e+02 0.000000000000000000e+00 1.296589965999999947e+02 0.000000000000000000e+00 0.000000000000000000e+00 2.147642212000000086e+02 0.000000000000000000e+00 0.000000000000000000e+00 7.836646116000000006e+01 0.000000000000000000e+00 1.702367324999999880e+02 1.298143805999999927e+02 1.593991776000000016e+02 7.881228822999999295e+01 1.484107659000000012e+02 0.000000000000000000e+00 1.513295243999999968e+02 0.000000000000000000e+00 1.629253234999999904e+02 1.432404784999999947e+02 2.102139358999999956e+02 0.000000000000000000e+00 0.000000000000000000e+00 0.000000000000000000e+00 1.498252746999999943e+02 0.000000000000000000e+00 0.000000000000000000e+00 0.000000000000000000e+00 1.219646220999999997e+02 0.000000000000000000e+00 0.000000000000000000e+00 0.000000000000000000e+00 1.468586077999999873e+02 1.831384429999999952e+02 0.000000000000000000e+00 0.000000000000000000e+00 0.000000000000000000e+00 0.000000000000000000e+00 0.000000000000000000e+00
4.486430485999999718e+01 5.952882003999999938e+01 0.000000000000000000e+00 1.310440825999999959e+02 0.000000000000000000e+00 1.249382941000000002e+01 1.027498377000000040e+01 0.000000000000000000e+00 0.000000000000000000e+00 0.000000000000000000e+00 0.000000000000000000e+00 1.015396422999999970e+02 0.000000000000000000e+00 1.315759818999999986e+01 1.121370543999999967e+02 4.876832008000000229e+01 5.280929019999999952e+01 9.265065002000000050e+01 0.000000000000000000e+00 8.134758530000000576e+01 0.000000000000000000e+00 0.000000000000000000e+00 1.325194916999999961e+01 0.000000000000000000e+00 0.000000000000000000e+00 0.000000000000000000e+00 0.000000000000000000e+00 1.048026581000000022e+02 0.000000000000000000e+00 0.000000000000000000e+00 0.000000000000000000e+00 7.962674459000000127e+01 0.000000000000000000e+00 0.000000000000000000e+00 0.000000000000000000e+00 1.163451639999999969e+02 0.000000000000000000e+00 0.000000000000000000e+00 0.000000000000000000e+00 4.850385310000000061e+00 0.000000000000000000e+00 8.761027989000000460e+00 0.000000000000000000e+00 0.000000000000000000e+00 0.000000000000000000e+00 0.000000000000000000e+00 0.000000000000000000e+00 0.000000000000000000e+00 0.000000000000000000e+00 0.000000000000000000e+00 0.000000000000000000e+00 0.000000000000000000e+00 0.000000000000000000e+00 0.000000000000000000e+00 0.000000000000000000e+00 0.000000000000000000e+00 0.000000000000000000e+00 0.000000000000000000e+00 0.000000000000000000e+00 0.000000000000000000e+00 0.000000000000000000e+00 0.000000000000000000e+00 0.000000000000000000e+00 0.000000000000000000e+00 0.000000000000000000e+00 0.000000000000000000e+00 0.000000000000000000e+00 0.000000000000000000e+00 0.000000000000000000e+00 0.000000000000000000e+00 0.000000000000000000e+00 0.000000000000000000e+00 0.000000000000000000e+00 0.000000000000000000e+00 0.000000000000000000e+00 0.000000000000000000e+00 0.000000000000000000e+00 0.000000000000000000e+00 0.000000000000000000e+00 0.000000000000000000e+00 0.000000000000000000e+00 0.000000000000000000e+00 0.000000000000000000e+00 0.000000000000000000e+00
8.518700789999999756e+01 7.614437963000000309e+01 1.038315244000000064e+02 7.757143847000000392e+01 4.666450849999999662e+01 1.778050504999999859e+01 1.939590653999999859e+01 0.000000000000000000e+00 9.827003732999999386e+01 0.000000000000000000e+00 1.242453095000000047e+02 6.834849386000000493e+01 1.315759818999999986e+01 0.000000000000000000e+00 5.991539955999999734e+01 2.030690729000000161e+01 5.324342511999999772e+01 3.314105140000000205e+01 1.403630771999999922e+02 3.368352505000000008e+01 2.506353187999999932e+01 9.762012792000000161e+01 2.007420713000000134e+01 1.253637619000000001e+02 1.300715687999999943e+02 1.505347672000000046e+02 1.422561661000000015e+02 6.020824673999999987e+01 1.042157792999999941e+02 9.424251811000000600e+01 1.183032252000000000e+02 6.723829967999999724e+01 0.000000000000000000e+00 1.336468217000000038e+02 1.448205580000000054e+02 6.654991484999999329e+01 1.057427588000000043e+02 9.405210757000000399e+01 1.662785949999999957e+02 2.577473664000000042e+01 1.993253937000000064e+02 5.051032130000000109e+01 0.000000000000000000e+00 8.596775626999999531e+01 2.047247466999999972e+02 1.632299652000000094e+02 0.000000000000000000e+00 1.400709793000000047e+02 0.000000000000000000e+00 0.000000000000000000e+00 0.000000000000000000e+00 0.000000000000000000e+00 0.000000000000000000e+00 1.547203826999999876e+02 0.000000000000000000e+00 1.595137633999999878e+02 1.317635784000000001e+02 1.438152618000000018e+02 1.030136978000000028e+02 1.468878076000000021e+02 0.000000000000000000e+00 1.593055725000000109e+02 0.000000000000000000e+00 1.897640533000000005e+02 1.925103911999999866e+02 1.325528984000000037e+02 0.000000000000000000e+00 0.000000000000000000e+00 0.000000000000000000e+00 1.303192635000000053e+02 1.396526947000000121e+02 0.000000000000000000e+00 0.000000000000000000e+00 1.388467071000000033e+02 0.000000000000000000e+00 0.000000000000000000e+00 2.011196136000000081e+02 1.523685053000000096e+02 1.493453407000000084e+02 1.500572051999999985e+02 0.000000000000000000e+00 0.000000000000000000e+00 0.000000000000000000e+00 1.605704192999999975e+02
1.075922482000000002e+02 8.406149551000000031e+01 1.043291942000000034e+02 8.572718589000000122e+01 7.616753260000000125e+01 7.154527066999999363e+01 9.367987992999999847e+01 9.344305420000000595e+01 2.644470872999999855e+01 0.000000000000000000e+00 1.010965201000000064e+02 5.629405582999999780e+01 1.121370543999999967e+02 5.991539955999999734e+01 0.000000000000000000e+00 6.260957362999999987e+01 6.321585172999999713e+01 2.938628233000000023e+01 1.833310394000000088e+02 8.607582415000000253e+01 1.301024500999999987e+02 4.059793739999999929e+01 8.662338216999999929e+01 0.000000000000000000e+00 1.136141353999999950e+02 1.461698100000000125e+02 1.240328640999999976e+02 8.718443680000000029e+01 6.987224066999999650e+01 7.943750762999999893e+01 8.833772179999999707e+01 5.786699924999999922e+01 0.000000000000000000e+00 1.207151896000000022e+02 1.318952792000000045e+02 3.342829428999999664e+01 8.067300178000000699e+01 2.503499985999999922e+01 0.000000000000000000e+00 1.243724670000000003e+02 8.394892215999999507e+01 9.140510874000000285e+01 1.452119979999999941e+02 1.147370080999999971e+02 1.298111495999999931e+02 1.448195484000000022e+02 1.259660492000000005e+02 1.071703131000000013e+02 1.380832214000000135e+02 0.000000000000000000e+00 1.436568145999999899e+02 0.000000000000000000e+00 2.130870971999999881e+02 1.497891798999999935e+02 0.000000000000000000e+00 1.716858215000000030e+02 1.309775571000000127e+02 1.419318479000000082e+02 7.183621782000000167e+01 1.458128734000000009e+02 0.000000000000000000e+00 1.473611273999999867e+02 0.000000000000000000e+00 1.625310516000000121e+02 1.019315261999999933e+02 1.300054848000000050e+02 1.845859680000000083e+02 0.000000000000000000e+00 0.000000000000000000e+00 1.547073384999999917e+02 1.487296104000000128e+02 7.404238891999999339e+01 1.601620331000000022e+02 1.198473347999999987e+02 0.000000000000000000e+00 2.120501862000000131e+02 1.684011314999999911e+02 1.371020226999999920e+02 1.602527603999999997e+02 1.333968345000000113e+02 0.000000000000000000e+00 0.000000000000000000e+00 0.000000000000000000e+00 1.445678920999999946e+02
1.273950652999999988e+02 6.750961345999999708e+01 1.279733032000000037e+02 6.012015647999999857e+01 9.916223239999999350e+01 3.506117789999999701e+01 2.650632132000000141e+01 0.000000000000000000e+00 6.244564368999999715e+01 0.000000000000000000e+00 1.205603397000000001e+02 1.012843533000000065e+02 4.876832008000000229e+01 2.030690729000000161e+01 6.260957362999999987e+01 0.000000000000000000e+00 7.601776345000000390e+01 3.986476893999999760e+01 1.339268385000000023e+02 8.882782876000000272e+01 6.408178177000000630e+01 1.906544999999999845e+01 6.026101380000000063e+01 1.006246948000000003e+02 1.266646443000000062e+02 1.441523712999999987e+02 1.342432678000000124e+02 9.110427613000000235e+01 9.269890155999999592e+01 9.983244704999999897e+01 1.106546455000000009e+02 8.754194040000000143e+01 0.000000000000000000e+00 1.309039225999999871e+02 1.469503158999999926e+02 9.442043200999999897e+01 5.826543450999999862e+01 7.611262010000000089e+01 0.000000000000000000e+00 1.627658341000000064e+01 8.832322311000000070e+01 6.070894424000000100e+01 1.554247130999999911e+02 1.421014452999999946e+02 1.615432357999999908e+02 1.501535307000000046e+02 1.280068206999999916e+02 1.460264993000000118e+02 1.880420990000000074e+02 0.000000000000000000e+00 1.428858031999999980e+02 1.232848587000000009e+02 0.000000000000000000e+00 1.864896698000000015e+02 0.000000000000000000e+00 1.742361946000000046e+02 1.457483325999999977e+02 1.677932964999999967e+02 9.212015388000000371e+01 1.592789873000000114e+02 0.000000000000000000e+00 1.505287856999999860e+02 0.000000000000000000e+00 1.847745654000000002e+02 0.000000000000000000e+00 1.681035460999999884e+02 1.984075469999999939e+02 0.000000000000000000e+00 2.054365996999999879e+02 1.401760558999999944e+02 1.557363434000000098e+02 1.054437865999999957e+02 0.000000000000000000e+00 1.364546707000000083e+02 0.000000000000000000e+00 2.079758071999999913e+02 1.863746998999999960e+02 1.477703784999999925e+02 1.731605537000000083e+02 1.453262177000000008e+02 0.000000000000000000e+00 0.000000000000000000e+00 0.000000000000000000e+00 1.553661989999999946e+02
1.021496000000000066e+02 5.368995398999999935e+01 8.744295572999999422e+01 7.175692587999999716e+01 6.678962266999999997e+01 1.779457988000000057e+01 7.634480412999999999e+01 1.120448712000000029e+02 8.295602512000000672e+01 7.873940747999999701e+01 9.613242339999999331e+01 5.872358738999999872e+01 5.280929019999999952e+01 5.324342511999999772e+01 6.321585172999999713e+01 7.601776345000000390e+01 0.000000000000000000e+00 6.891183680999999694e+01 1.341461639000000048e+02 2.990489304000000104e+01 1.199927686999999992e+02 9.567070067999999594e+01 1.836268885999999867e+01 0.000000000000000000e+00 1.140011482000000029e+02 1.408260193000000129e+02 1.307984772000000078e+02 5.006335529999999778e+01 6.917083739999999636e+01 1.911258700999999860e+01 1.328304367000000070e+02 1.966155085000000113e+01 9.685595983999999703e+01 1.230969609999999932e+02 1.052565936000000022e+02 6.435879642999999817e+01 8.297928401999999437e+01 6.261796964999999915e+01 1.295285187000000064e+02 1.223513374000000056e+02 6.422448794000000305e+01 7.301368770999999924e+01 1.090595220000000012e+02 6.977667135000000087e+01 7.210830943000000559e+01 7.874083765999999684e+01 6.831528473000000190e+01 6.892935701000000392e+01 7.656507111000000521e+01 0.000000000000000000e+00 6.443966292999999723e+01 0.000000000000000000e+00 1.457388152999999988e+02 8.697401383000000408e+01 0.000000000000000000e+00 9.840011597000000165e+01 7.377486532000000352e+01 9.793800625999999454e+01 1.356694798000000013e+01 8.832244425000000376e+01 0.000000000000000000e+00 8.913022899999999993e+01 1.319245453000000055e+02 9.683756037999999933e+01 0.000000000000000000e+00 5.477586746000000062e+01 0.000000000000000000e+00 0.000000000000000000e+00 0.000000000000000000e+00 9.010611724999999694e+01 6.434308052000000089e+01 1.824963020999999941e+01 0.000000000000000000e+00 6.136321376000000072e+01 0.000000000000000000e+00 1.144018326000000059e+02 1.628832169000000079e+02 8.010218806000000313e+01 9.552136477000000525e+01 6.931300437000000159e+01 1.604363046999999938e+02 1.213236694000000000e+02 8.032157134999999926e+01 8.818749237000000107e+01
1.258045869000000039e+02 9.363658936000000210e+01 1.119952744999999936e+02 1.003186651000000040e+02 9.373918990999999323e+01 7.972028484000000503e+01 1.066190763000000032e+02 0.000000000000000000e+00 1.148965668000000022e+02 0.000000000000000000e+00 1.193422671000000008e+02 1.916182139000000006e+01 9.265065002000000050e+01 3.314105140000000205e+01 2.938628233000000023e+01 3.986476893999999760e+01 6.891183680999999694e+01 0.000000000000000000e+00 1.556344934999999907e+02 2.127047462000000166e+01 1.190847282000000007e+02 8.493339806999999553e+01 8.046148349999999994e+01 0.000000000000000000e+00 1.257109344999999934e+02 0.000000000000000000e+00 1.579174506999999892e+02 1.520878150999999967e+01 1.054076519000000047e+02 8.935489909000000353e+01 1.146144847999999996e+02 6.879948738999999591e+01 0.000000000000000000e+00 1.361467692999999883e+02 1.528639460999999926e+02 4.163149571000000293e+01 1.126951835999999929e+02 1.023152508000000012e+02 0.000000000000000000e+00 1.347934036000000049e+02 0.000000000000000000e+00 1.027787045000000035e+02 1.671717376999999942e+02 1.036271775999999960e+02 1.258074493000000018e+02 1.512233225999999888e+02 0.000000000000000000e+00 1.263587799000000018e+02 0.000000000000000000e+00 0.000000000000000000e+00 0.000000000000000000e+00 1.479271698000000015e+02 0.000000000000000000e+00 1.555681576000000064e+02 0.000000000000000000e+00 1.546248855999999989e+02 1.499678524999999922e+02 1.648795751000000109e+02 8.490080399999999372e+01 1.531380372000000136e+02 0.000000000000000000e+00 1.627819404999999904e+02 0.000000000000000000e+00 1.670863495000000114e+02 1.317272094999999865e+02 1.561706237999999871e+02 0.000000000000000000e+00 0.000000000000000000e+00 2.124032745000000091e+02 1.587997868999999866e+02 0.000000000000000000e+00 0.000000000000000000e+00 0.000000000000000000e+00 1.321386626999999976e+02 0.000000000000000000e+00 2.488635711999999955e+02 1.660734558000000050e+02 1.524957593000000031e+02 1.725734806000000106e+02 1.299667511000000104e+02 0.000000000000000000e+00 0.000000000000000000e+00 0.000000000000000000e+00 1.552100015999999982e+02
0.000000000000000000e+00 6.582535986999999977e+01 2.766933926000000099e+01 2.843459555000000094e+01 4.570303513999999723e+01 9.455262756000000479e+01 5.872921371000000335e+01 1.442873372999999937e+01 1.104709091000000001e+02 6.514941063000000554e+01 7.698823928999999566e+01 0.000000000000000000e+00 0.000000000000000000e+00 1.403630771999999922e+02 1.833310394000000088e+02 1.339268385000000023e+02 1.341461639000000048e+02 1.556344934999999907e+02 0.000000000000000000e+00 1.384757442000000083e+02 9.594549861999999152e+00 1.369163628000000017e+02 0.000000000000000000e+00 1.209816895000000017e+02 3.993899259999999884e+01 1.487485706999999913e+01 1.822034159000000031e+01 1.521283875000000023e+02 1.065493907999999976e+02 8.396341705000000388e+01 9.356061459000000013e+01 1.429662476000000026e+02 2.202417051000000114e+01 1.707117059999999853e+01 5.568625293000000198e+01 0.000000000000000000e+00 1.110064677999999958e+02 1.219988589999999959e+02 1.919133636999999837e+01 0.000000000000000000e+00 0.000000000000000000e+00 1.586983683999999961e+01 0.000000000000000000e+00 0.000000000000000000e+00 5.848261692999999894e+01 1.137146987999999936e+02 0.000000000000000000e+00 0.000000000000000000e+00 0.000000000000000000e+00 4.372556972999999658e+01 0.000000000000000000e+00 0.000000000000000000e+00 1.547159728999999970e+02 0.000000000000000000e+00 0.000000000000000000e+00 0.000000000000000000e+00 0.000000000000000000e+00 0.000000000000000000e+00 1.689086303999999927e+02 0.000000000000000000e+00 7.760731454000000440e+01 0.000000000000000000e+00 7.347596273999999994e+01 0.000000000000000000e+00 0.000000000000000000e+00 0.000000000000000000e+00 0.000000000000000000e+00 8.879349263999999664e+01 0.000000000000000000e+00 0.000000000000000000e+00 0.000000000000000000e+00 0.000000000000000000e+00 1.508221741000000122e+02 1.986471709999999860e+02 4.843047600999999958e+01 9.670096080000000427e+01 9.544058857000000273e+01 0.000000000000000000e+00 0.000000000000000000e+00 0.000000000000000000e+00 9.400193769999999915e+01 0.000000000000000000e+00 0.000000000000000000e+00 0.000000000000000000e+00
