0.000000000000000000e+00 5.860000000000000000e+02 3.700000000000000000e+01 4.500000000000000000e+01 3.400000000000000000e+01 5.300000000000000000e+01 8.000000000000000000e+00 0.000000000000000000e+00 0.000000000000000000e+00 0.000000000000000000e+00 2.000000000000000000e+00 4.000000000000000000e+00 3.000000000000000000e+00 2.000000000000000000e+00 3.100000000000000000e+01 1.000000000000000000e+00 8.000000000000000000e+00 3.800000000000000000e+01 0.000000000000000000e+00 4.000000000000000000e+00 0.000000000000000000e+00 7.000000000000000000e+00 1.330000000000000000e+02 2.000000000000000000e+00 1.000000000000000000e+00 0.000000000000000000e+00 1.000000000000000000e+00 6.000000000000000000e+00 2.900000000000000000e+01 1.000000000000000000e+00 3.400000000000000000e+01 1.700000000000000000e+01 0.000000000000000000e+00 2.000000000000000000e+00 1.400000000000000000e+01 4.100000000000000000e+01 9.000000000000000000e+00 1.300000000000000000e+01 0.000000000000000000e+00 1.000000000000000000e+00 3.000000000000000000e+00 3.000000000000000000e+00 8.389000000000000000e+03 2.300000000000000000e+01 1.200000000000000000e+01 1.900000000000000000e+01 6.800000000000000000e+01 3.600000000000000000e+01 0.000000000000000000e+00 0.000000000000000000e+00 0.000000000000000000e+00 3.000000000000000000e+00 1.000000000000000000e+00 0.000000000000000000e+00 0.000000000000000000e+00 0.000000000000000000e+00 4.000000000000000000e+00 0.000000000000000000e+00 1.000000000000000000e+00 1.000000000000000000e+00 0.000000000000000000e+00 0.000000000000000000e+00 0.000000000000000000e+00 1.000000000000000000e+00 0.000000000000000000e+00 2.000000000000000000e+00 0.000000000000000000e+00 3.000000000000000000e+00 0.000000000000000000e+00 0.000000000000000000e+00 7.000000000000000000e+00 0.000000000000000000e+00 2.000000000000000000e+01 2.000000000000000000e+01 0.000000000000000000e+00 3.000000000000000000e+00 1.300000000000000000e+01 4.000000000000000000e+00 0.000000000000000000e+00 2.000000000000000000e+00 0.000000000000000000e+00 0.000000000000000000e+00 0.000000000000000000e+00 2.000000000000000000e+00
5.860000000000000000e+02 0.000000000000000000e+00 5.783000000000000000e+03 1.296000000000000000e+03 5.010000000000000000e+02 2.194000000000000000e+03 1.570000000000000000e+02 8.000000000000000000e+00 3.000000000000000000e+00 5.000000000000000000e+01 2.300000000000000000e+02 7.500000000000000000e+01 1.000000000000000000e+00 1.020000000000000000e+02 2.080000000000000000e+02 1.070000000000000000e+02 1.150000000000000000e+02 4.400000000000000000e+02 3.600000000000000000e+01 1.740000000000000000e+02 1.840000000000000000e+02 9.700000000000000000e+01 4.900000000000000000e+01 1.900000000000000000e+02 1.210000000000000000e+02 5.600000000000000000e+01 1.100000000000000000e+02 1.620000000000000000e+02 1.863000000000000000e+03 1.260000000000000000e+02 2.959000000000000000e+03 4.220000000000000000e+02 4.000000000000000000e+00 2.630000000000000000e+02 2.643000000000000000e+03 7.740000000000000000e+02 1.160000000000000000e+02 2.960000000000000000e+02 1.000000000000000000e+00 2.100000000000000000e+01 8.000000000000000000e+00 1.310000000000000000e+02 1.130000000000000000e+02 2.450000000000000000e+02 1.800000000000000000e+01 1.700000000000000000e+01 3.000000000000000000e+00 2.500000000000000000e+01 3.000000000000000000e+00 0.000000000000000000e+00 4.000000000000000000e+00 5.500000000000000000e+01 3.600000000000000000e+01 2.000000000000000000e+00 0.000000000000000000e+00 4.000000000000000000e+00 5.000000000000000000e+01 1.100000000000000000e+01 2.800000000000000000e+01 4.000000000000000000e+00 0.000000000000000000e+00 1.000000000000000000e+00 0.000000000000000000e+00 1.800000000000000000e+01 1.000000000000000000e+00 1.010000000000000000e+02 2.200000000000000000e+01 0.000000000000000000e+00 1.300000000000000000e+01 0.000000000000000000e+00 4.200000000000000000e+01 6.500000000000000000e+01 6.400000000000000000e+01 1.890000000000000000e+02 3.000000000000000000e+00 4.800000000000000000e+01 4.120000000000000000e+02 1.420000000000000000e+02 3.800000000000000000e+01 7.600000000000000000e+01 0.000000000000000000e+00 0.000000000000000000e+00 2.000000000000000000e+00 1.600000000000000000e+01
3.700000000000000000e+01 5.783000000000000000e+03 0.000000000000000000e+00 3.611000000000000000e+03 1.306000000000000000e+03 8.700000000000000000e+01 5.000000000000000000e+00 2.610000000000000000e+02 1.000000000000000000e+00 1.000000000000000000e+02 7.930000000000000000e+02 1.000000000000000000e+00 0.000000000000000000e+00 7.000000000000000000e+00 3.100000000000000000e+01 1.500000000000000000e+01 8.000000000000000000e+00 8.000000000000000000e+00 7.060000000000000000e+02 0.000000000000000000e+00 2.710000000000000000e+02 5.000000000000000000e+00 5.000000000000000000e+00 1.860000000000000000e+02 3.660000000000000000e+02 4.170000000000000000e+02 2.850000000000000000e+02 1.000000000000000000e+00 6.070000000000000000e+02 7.600000000000000000e+01 2.529000000000000000e+03 9.700000000000000000e+01 8.200000000000000000e+01 1.073000000000000000e+03 2.412000000000000000e+03 8.900000000000000000e+01 5.400000000000000000e+01 3.270000000000000000e+02 1.070000000000000000e+02 0.000000000000000000e+00 1.300000000000000000e+01 1.780000000000000000e+02 1.900000000000000000e+01 5.100000000000000000e+01 9.900000000000000000e+01 1.000000000000000000e+01 3.000000000000000000e+00 0.000000000000000000e+00 0.000000000000000000e+00 4.000000000000000000e+01 0.000000000000000000e+00 3.400000000000000000e+01 1.800000000000000000e+01 0.000000000000000000e+00 0.000000000000000000e+00 0.000000000000000000e+00 6.000000000000000000e+00 0.000000000000000000e+00 1.000000000000000000e+00 0.000000000000000000e+00 3.700000000000000000e+01 0.000000000000000000e+00 1.410000000000000000e+02 2.000000000000000000e+00 0.000000000000000000e+00 6.800000000000000000e+01 2.900000000000000000e+01 1.200000000000000000e+01 4.100000000000000000e+01 0.000000000000000000e+00 3.000000000000000000e+01 2.700000000000000000e+01 4.200000000000000000e+01 2.000000000000000000e+01 1.900000000000000000e+01 1.560000000000000000e+02 3.100000000000000000e+02 1.000000000000000000e+01 3.000000000000000000e+00 9.000000000000000000e+00 4.600000000000000000e+01 0.000000000000000000e+00 1.000000000000000000e+00 2.000000000000000000e+00
4.500000000000000000e+01 1.296000000000000000e+03 3.611000000000000000e+03 0.000000000000000000e+00 3.453000000000000000e+03 1.410000000000000000e+02 4.270000000000000000e+02 4.880000000000000000e+02 1.200000000000000000e+01 6.700000000000000000e+01 2.660000000000000000e+02 6.600000000000000000e+01 1.000000000000000000e+00 4.200000000000000000e+01 1.670000000000000000e+02 6.800000000000000000e+01 7.600000000000000000e+01 2.820000000000000000e+02 7.840000000000000000e+02 1.220000000000000000e+02 5.060000000000000000e+02 1.130000000000000000e+02 2.200000000000000000e+01 6.900000000000000000e+01 1.720000000000000000e+02 4.000000000000000000e+02 3.540000000000000000e+02 1.010000000000000000e+02 1.213000000000000000e+03 6.400000000000000000e+01 2.013000000000000000e+03 2.860000000000000000e+02 2.300000000000000000e+01 6.710000000000000000e+02 2.779000000000000000e+03 6.530000000000000000e+02 4.020000000000000000e+02 2.220000000000000000e+02 5.800000000000000000e+01 2.700000000000000000e+01 8.800000000000000000e+01 2.261000000000000000e+03 1.800000000000000000e+01 3.600000000000000000e+01 2.700000000000000000e+01 3.000000000000000000e+01 8.000000000000000000e+00 2.900000000000000000e+01 3.000000000000000000e+00 7.000000000000000000e+00 3.000000000000000000e+00 5.300000000000000000e+01 2.700000000000000000e+01 2.000000000000000000e+00 0.000000000000000000e+00 1.000000000000000000e+00 3.100000000000000000e+01 2.200000000000000000e+01 1.600000000000000000e+01 4.000000000000000000e+00 1.000000000000000000e+00 2.000000000000000000e+00 8.000000000000000000e+00 9.000000000000000000e+00 0.000000000000000000e+00 5.400000000000000000e+01 2.000000000000000000e+01 3.000000000000000000e+00 2.500000000000000000e+01 0.000000000000000000e+00 1.200000000000000000e+01 2.100000000000000000e+01 3.800000000000000000e+01 1.300000000000000000e+02 7.000000000000000000e+00 7.300000000000000000e+01 3.810000000000000000e+02 1.100000000000000000e+02 1.800000000000000000e+01 3.000000000000000000e+01 7.000000000000000000e+00 0.000000000000000000e+00 0.000000000000000000e+00 1.500000000000000000e+01
3.400000000000000000e+01 5.010000000000000000e+02 1.306000000000000000e+03 3.453000000000000000e+03 0.000000000000000000e+00 2.640000000000000000e+02 1.660000000000000000e+02 1.800000000000000000e+01 2.000000000000000000e+00 4.000000000000000000e+00 3.000000000000000000e+00 5.000000000000000000e+00 0.000000000000000000e+00 6.000000000000000000e+00 1.200000000000000000e+01 4.000000000000000000e+00 1.300000000000000000e+01 1.000000000000000000e+01 9.000000000000000000e+00 6.000000000000000000e+00 8.900000000000000000e+01 2.000000000000000000e+00 1.000000000000000000e+00 5.000000000000000000e+00 1.000000000000000000e+01 1.000000000000000000e+01 1.800000000000000000e+01 2.000000000000000000e+00 1.810000000000000000e+02 1.000000000000000000e+01 3.210000000000000000e+02 4.600000000000000000e+01 0.000000000000000000e+00 2.400000000000000000e+01 1.300000000000000000e+02 6.900000000000000000e+01 8.000000000000000000e+00 2.300000000000000000e+01 0.000000000000000000e+00 4.000000000000000000e+00 1.000000000000000000e+00 6.000000000000000000e+00 2.300000000000000000e+01 1.000000000000000000e+00 2.000000000000000000e+00 1.000000000000000000e+01 3.000000000000000000e+00 7.000000000000000000e+00 8.000000000000000000e+00 1.000000000000000000e+00 1.000000000000000000e+00 5.000000000000000000e+00 2.000000000000000000e+00 0.000000000000000000e+00 0.000000000000000000e+00 0.000000000000000000e+00 3.000000000000000000e+00 2.000000000000000000e+00 7.000000000000000000e+00 1.000000000000000000e+00 0.000000000000000000e+00 0.000000000000000000e+00 0.000000000000000000e+00 3.000000000000000000e+00 0.000000000000000000e+00 1.000000000000000000e+01 0.000000000000000000e+00 0.000000000000000000e+00 2.000000000000000000e+00 1.000000000000000000e+00 3.000000000000000000e+00 4.000000000000000000e+00 8.000000000000000000e+00 1.100000000000000000e+01 1.000000000000000000e+00 5.000000000000000000e+00 1.500000000000000000e+01 9.000000000000000000e+00 1.000000000000000000e+00 2.000000000000000000e+00 1.000000000000000000e+00 0.000000000000000000e+00 0.000000000000000000e+00 8.000000000000000000e+00
5.300000000000000000e+01 2.194000000000000000e+03 8.700000000000000000e+01 1.410000000000000000e+02 2.640000000000000000e+02 0.000000000000000000e+00 3.260000000000000000e+02 2.000000000000000000e+00 3.000000000000000000e+00 1.000000000000000000e+00 4.000000000000000000e+00 2.300000000000000000e+01 1.589000000000000000e+03 1.214000000000000000e+03 7.600000000000000000e+01 3.140000000000000000e+02 1.520000000000000000e+02 1.200000000000000000e+02 2.000000000000000000e+00 1.920000000000000000e+02 1.500000000000000000e+01 5.900000000000000000e+01 1.900000000000000000e+03 7.000000000000000000e+00 2.000000000000000000e+00 0.000000000000000000e+00 2.000000000000000000e+00 6.900000000000000000e+01 9.500000000000000000e+01 1.500000000000000000e+01 1.480000000000000000e+02 1.310000000000000000e+02 0.000000000000000000e+00 2.000000000000000000e+00 4.500000000000000000e+01 1.500000000000000000e+02 3.200000000000000000e+01 3.900000000000000000e+01 0.000000000000000000e+00 9.200000000000000000e+01 1.000000000000000000e+00 7.600000000000000000e+01 1.200000000000000000e+01 1.900000000000000000e+01 2.000000000000000000e+00 9.000000000000000000e+00 1.000000000000000000e+00 9.000000000000000000e+00 5.000000000000000000e+00 0.000000000000000000e+00 2.000000000000000000e+00 3.000000000000000000e+00 2.000000000000000000e+00 6.000000000000000000e+00 0.000000000000000000e+00 1.000000000000000000e+00 1.700000000000000000e+01 6.000000000000000000e+00 1.000000000000000000e+01 3.300000000000000000e+01 0.000000000000000000e+00 0.000000000000000000e+00 0.000000000000000000e+00 7.000000000000000000e+00 0.000000000000000000e+00 8.000000000000000000e+00 0.000000000000000000e+00 0.000000000000000000e+00 0.000000000000000000e+00 2.000000000000000000e+00 3.000000000000000000e+00 3.000000000000000000e+00 5.000000000000000000e+00 6.900000000000000000e+01 0.000000000000000000e+00 0.000000000000000000e+00 7.000000000000000000e+00 6.600000000000000000e+01 1.200000000000000000e+01 1.600000000000000000e+01 0.000000000000000000e+00 0.000000000000000000e+00 5.000000000000000000e+00 8.000000000000000000e+00
8.000000000000000000e+00 1.570000000000000000e+02 5.000000000000000000e+00 4.270000000000000000e+02 1.660000000000000000e+02 3.260000000000000000e+02 0.000000000000000000e+00 2.500000000000000000e+01 2.000000000000000000e+00 0.000000000000000000e+00 0.000000000000000000e+00 1.000000000000000000e+01 4.020000000000000000e+02 2.910000000000000000e+02 2.700000000000000000e+01 1.230000000000000000e+02 6.000000000000000000e+00 3.500000000000000000e+01 1.000000000000000000e+00 6.100000000000000000e+01 2.160000000000000000e+02 3.800000000000000000e+01 1.800000000000000000e+01 0.000000000000000000e+00 0.000000000000000000e+00 0.000000000000000000e+00 2.000000000000000000e+00 3.100000000000000000e+01 4.000000000000000000e+00 0.000000000000000000e+00 0.000000000000000000e+00 1.600000000000000000e+01 0.000000000000000000e+00 1.000000000000000000e+00 1.000000000000000000e+00 3.900000000000000000e+01 9.200000000000000000e+01 1.400000000000000000e+01 1.000000000000000000e+00 5.180000000000000000e+02 0.000000000000000000e+00 8.000000000000000000e+01 0.000000000000000000e+00 2.000000000000000000e+00 1.000000000000000000e+00 1.800000000000000000e+01 1.000000000000000000e+01 3.000000000000000000e+00 9.000000000000000000e+00 2.000000000000000000e+00 3.000000000000000000e+00 0.000000000000000000e+00 0.000000000000000000e+00 0.000000000000000000e+00 0.000000000000000000e+00 1.000000000000000000e+00 7.000000000000000000e+00 1.000000000000000000e+00 1.000000000000000000e+00 0.000000000000000000e+00 0.000000000000000000e+00 0.000000000000000000e+00 0.000000000000000000e+00 1.000000000000000000e+00 0.000000000000000000e+00 1.000000000000000000e+00 0.000000000000000000e+00 0.000000000000000000e+00 0.000000000000000000e+00 0.000000000000000000e+00 1.000000000000000000e+00 0.000000000000000000e+00 0.000000000000000000e+00 2.100000000000000000e+01 0.000000000000000000e+00 0.000000000000000000e+00 0.000000000000000000e+00 2.300000000000000000e+01 1.000000000000000000e+00 1.000000000000000000e+00 0.000000000000000000e+00 0.000000000000000000e+00 0.000000000000000000e+00 1.500000000000000000e+01
0.000000000000000000e+00 8.000000000000000000e+00 2.610000000000000000e+02 4.880000000000000000e+02 1.800000000000000000e+01 2.000000000000000000e+00 2.500000000000000000e+01 0.000000000000000000e+00 0.000000000000000000e+00 5.200000000000000000e+01 0.000000000000000000e+00 0.000000000000000000e+00 0.000000000000000000e+00 0.000000000000000000e+00 1.000000000000000000e+00 0.000000000000000000e+00 1.100000000000000000e+01 0.000000000000000000e+00 8.900000000000000000e+01 0.000000000000000000e+00 4.160000000000000000e+02 1.000000000000000000e+00 0.000000000000000000e+00 0.000000000000000000e+00 0.000000000000000000e+00 3.000000000000000000e+00 0.000000000000000000e+00 1.000000000000000000e+00 0.000000000000000000e+00 3.400000000000000000e+01 0.000000000000000000e+00 2.400000000000000000e+01 1.330000000000000000e+02 3.000000000000000000e+00 9.000000000000000000e+00 1.000000000000000000e+00 1.000000000000000000e+00 0.000000000000000000e+00 2.000000000000000000e+00 0.000000000000000000e+00 0.000000000000000000e+00 1.500000000000000000e+01 0.000000000000000000e+00 0.000000000000000000e+00 4.500000000000000000e+01 5.000000000000000000e+00 4.000000000000000000e+00 1.000000000000000000e+00 1.000000000000000000e+00 6.400000000000000000e+01 0.000000000000000000e+00 0.000000000000000000e+00 0.000000000000000000e+00 0.000000000000000000e+00 0.000000000000000000e+00 0.000000000000000000e+00 1.000000000000000000e+00 0.000000000000000000e+00 0.000000000000000000e+00 0.000000000000000000e+00 1.000000000000000000e+00 0.000000000000000000e+00 1.500000000000000000e+01 0.000000000000000000e+00 0.000000000000000000e+00 0.000000000000000000e+00 0.000000000000000000e+00 0.000000000000000000e+00 0.000000000000000000e+00 0.000000000000000000e+00 0.000000000000000000e+00 0.000000000000000000e+00 0.000000000000000000e+00 0.000000000000000000e+00 3.000000000000000000e+00 3.000000000000000000e+00 2.000000000000000000e+00 1.000000000000000000e+00 0.000000000000000000e+00 0.000000000000000000e+00 2.000000000000000000e+00 0.000000000000000000e+00 0.000000000000000000e+00 1.400000000000000000e+01
0.000000000000000000e+00 3.000000000000000000e+00 1.000000000000000000e+00 1.200000000000000000e+01 2.000000000000000000e+00 3.000000000000000000e+00 2.000000000000000000e+00 0.000000000000000000e+00 0.000000000000000000e+00 1.000000000000000000e+00 0.000000000000000000e+00 6.000000000000000000e+00 0.000000000000000000e+00 3.000000000000000000e+00 6.860000000000000000e+02 7.500000000000000000e+01 8.000000000000000000e+00 5.000000000000000000e+00 2.000000000000000000e+00 0.000000000000000000e+00 0.000000000000000000e+00 1.903000000000000000e+03 1.000000000000000000e+00 2.000000000000000000e+00 5.300000000000000000e+01 3.000000000000000000e+00 1.900000000000000000e+01 5.000000000000000000e+00 1.200000000000000000e+01 1.000000000000000000e+00 1.800000000000000000e+01 1.300000000000000000e+01 0.000000000000000000e+00 5.000000000000000000e+00 8.000000000000000000e+00 3.800000000000000000e+01 1.523000000000000000e+03 6.350000000000000000e+02 0.000000000000000000e+00 2.000000000000000000e+00 0.000000000000000000e+00 4.800000000000000000e+01 0.000000000000000000e+00 3.000000000000000000e+00 0.000000000000000000e+00 1.000000000000000000e+00 1.000000000000000000e+00 0.000000000000000000e+00 0.000000000000000000e+00 0.000000000000000000e+00 0.000000000000000000e+00 0.000000000000000000e+00 0.000000000000000000e+00 0.000000000000000000e+00 0.000000000000000000e+00 0.000000000000000000e+00 1.000000000000000000e+00 1.000000000000000000e+00 2.000000000000000000e+00 0.000000000000000000e+00 0.000000000000000000e+00 0.000000000000000000e+00 0.000000000000000000e+00 0.000000000000000000e+00 0.000000000000000000e+00 1.000000000000000000e+00 0.000000000000000000e+00 0.000000000000000000e+00 1.000000000000000000e+00 0.000000000000000000e+00 2.000000000000000000e+00 2.000000000000000000e+00 0.000000000000000000e+00 3.000000000000000000e+00 0.000000000000000000e+00 0.000000000000000000e+00 0.000000000000000000e+00 5.000000000000000000e+00 0.000000000000000000e+00 3.000000000000000000e+00 0.000000000000000000e+00 0.000000000000000000e+00 0.000000000000000000e+00 0.000000000000000000e+00
0.000000000000000000e+00 5.000000000000000000e+01 1.000000000000000000e+02 6.700000000000000000e+01 4.000000000000000000e+00 1.000000000000000000e+00 0.000000000000000000e+00 5.200000000000000000e+01 1.000000000000000000e+00 0.000000000000000000e+00 7.000000000000000000e+00 0.000000000000000000e+00 0.000000000000000000e+00 0.000000000000000000e+00 0.000000000000000000e+00 0.000000000000000000e+00 1.700000000000000000e+01 0.000000000000000000e+00 1.000000000000000000e+01 0.000000000000000000e+00 6.700000000000000000e+01 0.000000000000000000e+00 2.000000000000000000e+00 8.000000000000000000e+00 4.700000000000000000e+01 4.000000000000000000e+00 2.200000000000000000e+01 0.000000000000000000e+00 0.000000000000000000e+00 5.980000000000000000e+02 1.000000000000000000e+00 6.300000000000000000e+01 6.930000000000000000e+02 5.800000000000000000e+01 1.918000000000000000e+03 2.000000000000000000e+00 0.000000000000000000e+00 0.000000000000000000e+00 1.300000000000000000e+01 0.000000000000000000e+00 0.000000000000000000e+00 1.300000000000000000e+01 1.000000000000000000e+00 1.200000000000000000e+01 4.000000000000000000e+00 5.000000000000000000e+00 0.000000000000000000e+00 0.000000000000000000e+00 0.000000000000000000e+00 0.000000000000000000e+00 0.000000000000000000e+00 2.300000000000000000e+01 2.000000000000000000e+00 0.000000000000000000e+00 0.000000000000000000e+00 0.000000000000000000e+00 1.000000000000000000e+00 0.000000000000000000e+00 0.000000000000000000e+00 0.000000000000000000e+00 1.000000000000000000e+00 0.000000000000000000e+00 9.000000000000000000e+00 0.000000000000000000e+00 0.000000000000000000e+00 0.000000000000000000e+00 8.000000000000000000e+00 0.000000000000000000e+00 8.000000000000000000e+00 0.000000000000000000e+00 0.000000000000000000e+00 0.000000000000000000e+00 1.000000000000000000e+00 0.000000000000000000e+00 1.000000000000000000e+01 2.600000000000000000e+01 6.100000000000000000e+01 2.000000000000000000e+00 0.000000000000000000e+00 0.000000000000000000e+00 7.000000000000000000e+00 0.000000000000000000e+00 0.000000000000000000e+00 1.000000000000000000e+00
2.000000000000000000e+00 2.300000000000000000e+02 7.930000000000000000e+02 2.660000000000000000e+02 3.000000000000000000e+00 4.000000000000000000e+00 0.000000000000000000e+00 0.000000000000000000e+00 0.000000000000000000e+00 7.000000000000000000e+00 0.000000000000000000e+00 7.000000000000000000e+00 0.000000000000000000e+00 7.700000000000000000e+01 6.570000000000000000e+02 1.020000000000000000e+02 1.000000000000000000e+00 8.100000000000000000e+01 2.000000000000000000e+00 1.000000000000000000e+00 0.000000000000000000e+00 2.300000000000000000e+01 1.000000000000000000e+00 4.000000000000000000e+00 2.057000000000000000e+03 4.000000000000000000e+00 5.900000000000000000e+01 1.000000000000000000e+00 2.010000000000000000e+02 1.900000000000000000e+01 4.638000000000000000e+03 7.200000000000000000e+01 0.000000000000000000e+00 2.855000000000000000e+03 2.857000000000000000e+03 7.940000000000000000e+02 1.100000000000000000e+01 3.160000000000000000e+02 0.000000000000000000e+00 0.000000000000000000e+00 4.000000000000000000e+00 5.900000000000000000e+01 2.000000000000000000e+00 3.800000000000000000e+01 2.400000000000000000e+01 1.700000000000000000e+01 3.000000000000000000e+00 0.000000000000000000e+00 0.000000000000000000e+00 0.000000000000000000e+00 1.000000000000000000e+00 1.200000000000000000e+01 1.190000000000000000e+02 0.000000000000000000e+00 0.000000000000000000e+00 0.000000000000000000e+00 1.000000000000000000e+00 1.000000000000000000e+00 1.000000000000000000e+00 1.000000000000000000e+00 0.000000000000000000e+00 1.000000000000000000e+00 0.000000000000000000e+00 2.000000000000000000e+00 1.000000000000000000e+00 4.000000000000000000e+00 5.500000000000000000e+01 0.000000000000000000e+00 5.000000000000000000e+00 0.000000000000000000e+00 3.000000000000000000e+00 4.000000000000000000e+00 1.500000000000000000e+01 7.000000000000000000e+00 1.000000000000000000e+00 6.100000000000000000e+01 3.340000000000000000e+02 4.000000000000000000e+00 2.000000000000000000e+00 7.000000000000000000e+00 0.000000000000000000e+00 0.000000000000000000e+00 0.000000000000000000e+00 7.000000000000000000e+00
4.000000000000000000e+00 7.500000000000000000e+01 1.000000000000000000e+00 6.600000000000000000e+01 5.000000000000000000e+00 2.300000000000000000e+01 1.000000000000000000e+01 0.000000000000000000e+00 6.000000000000000000e+00 0.000000000000000000e+00 7.000000000000000000e+00 0.000000000000000000e+00 2.000000000000000000e+00 1.060000000000000000e+02 3.600000000000000000e+01 7.500000000000000000e+01 1.780000000000000000e+02 1.666000000000000000e+03 0.000000000000000000e+00 1.153000000000000000e+03 0.000000000000000000e+00 4.700000000000000000e+01 4.200000000000000000e+01 0.000000000000000000e+00 4.000000000000000000e+00 0.000000000000000000e+00 0.000000000000000000e+00 7.305000000000000000e+03 0.000000000000000000e+00 0.000000000000000000e+00 1.000000000000000000e+00 1.279000000000000000e+03 0.000000000000000000e+00 4.000000000000000000e+00 0.000000000000000000e+00 2.086000000000000000e+03 7.700000000000000000e+01 2.000000000000000000e+00 0.000000000000000000e+00 0.000000000000000000e+00 1.000000000000000000e+00 2.000000000000000000e+01 0.000000000000000000e+00 9.000000000000000000e+00 0.000000000000000000e+00 1.000000000000000000e+00 0.000000000000000000e+00 1.000000000000000000e+00 0.000000000000000000e+00 0.000000000000000000e+00 1.000000000000000000e+00 0.000000000000000000e+00 0.000000000000000000e+00 5.500000000000000000e+01 0.000000000000000000e+00 8.000000000000000000e+00 2.000000000000000000e+00 6.000000000000000000e+00 3.700000000000000000e+01 7.600000000000000000e+01 0.000000000000000000e+00 1.400000000000000000e+01 0.000000000000000000e+00 1.000000000000000000e+00 2.000000000000000000e+00 2.000000000000000000e+00 0.000000000000000000e+00 0.000000000000000000e+00 0.000000000000000000e+00 1.700000000000000000e+01 0.000000000000000000e+00 0.000000000000000000e+00 0.000000000000000000e+00 6.400000000000000000e+01 0.000000000000000000e+00 0.000000000000000000e+00 0.000000000000000000e+00 1.110000000000000000e+02 4.000000000000000000e+00 0.000000000000000000e+00 0.000000000000000000e+00 0.000000000000000000e+00 0.000000000000000000e+00 0.000000000000000000e+00
3.000000000000000000e+00 1.000000000000000000e+00 0.000000000000000000e+00 1.000000000000000000e+00 0.000000000000000000e+00 1.589000000000000000e+03 4.020000000000000000e+02 0.000000000000000000e+00 0.000000000000000000e+00 0.000000000000000000e+00 0.000000000000000000e+00 2.000000000000000000e+00 0.000000000000000000e+00 2.220000000000000000e+02 1.000000000000000000e+00 2.000000000000000000e+00 7.000000000000000000e+00 1.000000000000000000e+00 0.000000000000000000e+00 5.000000000000000000e+00 0.000000000000000000e+00 0.000000000000000000e+00 2.330000000000000000e+02 0.000000000000000000e+00 0.000000000000000000e+00 0.000000000000000000e+00 0.000000000000000000e+00 2.000000000000000000e+00 0.000000000000000000e+00 0.000000000000000000e+00 0.000000000000000000e+00 3.000000000000000000e+00 0.000000000000000000e+00 0.000000000000000000e+00 0.000000000000000000e+00 3.000000000000000000e+00 0.000000000000000000e+00 0.000000000000000000e+00 0.000000000000000000e+00 2.280000000000000000e+02 0.000000000000000000e+00 1.500000000000000000e+02 0.000000000000000000e+00 0.000000000000000000e+00 0.000000000000000000e+00 0.000000000000000000e+00 0.000000000000000000e+00 0.000000000000000000e+00 0.000000000000000000e+00 0.000000000000000000e+00 0.000000000000000000e+00 0.000000000000000000e+00 0.000000000000000000e+00 0.000000000000000000e+00 0.000000000000000000e+00 0.000000000000000000e+00 0.000000000000000000e+00 0.000000000000000000e+00 0.000000000000000000e+00 0.000000000000000000e+00 0.000000000000000000e+00 0.000000000000000000e+00 0.000000000000000000e+00 0.000000000000000000e+00 0.000000000000000000e+00 0.000000000000000000e+00 0.000000000000000000e+00 0.000000000000000000e+00 0.000000000000000000e+00 0.000000000000000000e+00 0.000000000000000000e+00 0.000000000000000000e+00 0.000000000000000000e+00 0.000000000000000000e+00 0.000000000000000000e+00 0.000000000000000000e+00 0.000000000000000000e+00 0.000000000000000000e+00 0.000000000000000000e+00 0.000000000000000000e+00 0.000000000000000000e+00 0.000000000000000000e+00 0.000000000000000000e+00 0.000000000000000000e+00
2.000000000000000000e+00 1.020000000000000000e+02 7.000000000000000000e+00 4.200000000000000000e+01 6.000000000000000000e+00 1.214000000000000000e+03 2.910000000000000000e+02 0.000000000000000000e+00 3.000000000000000000e+00 0.000000000000000000e+00 7.700000000000000000e+01 1.060000000000000000e+02 2.220000000000000000e+02 0.000000000000000000e+00 8.010000000000000000e+02 3.124000000000000000e+03 3.900000000000000000e+01 5.067000000000000000e+03 4.000000000000000000e+00 3.186000000000000000e+03 2.000000000000000000e+00 5.600000000000000000e+01 5.020000000000000000e+02 2.000000000000000000e+00 1.210000000000000000e+02 2.000000000000000000e+00 2.000000000000000000e+01 3.240000000000000000e+02 8.000000000000000000e+00 3.000000000000000000e+00 2.100000000000000000e+01 1.560000000000000000e+02 0.000000000000000000e+00 6.500000000000000000e+01 1.100000000000000000e+01 7.350000000000000000e+02 3.800000000000000000e+01 1.600000000000000000e+01 1.000000000000000000e+00 2.010000000000000000e+02 1.000000000000000000e+00 6.600000000000000000e+01 0.000000000000000000e+00 1.400000000000000000e+01 2.000000000000000000e+00 2.000000000000000000e+00 0.000000000000000000e+00 5.000000000000000000e+00 0.000000000000000000e+00 0.000000000000000000e+00 0.000000000000000000e+00 0.000000000000000000e+00 0.000000000000000000e+00 3.000000000000000000e+00 0.000000000000000000e+00 1.000000000000000000e+00 4.000000000000000000e+00 1.000000000000000000e+00 5.000000000000000000e+00 1.800000000000000000e+01 0.000000000000000000e+00 2.000000000000000000e+00 0.000000000000000000e+00 2.000000000000000000e+00 1.000000000000000000e+00 2.000000000000000000e+00 0.000000000000000000e+00 0.000000000000000000e+00 0.000000000000000000e+00 2.000000000000000000e+00 1.000000000000000000e+00 0.000000000000000000e+00 0.000000000000000000e+00 4.200000000000000000e+01 0.000000000000000000e+00 0.000000000000000000e+00 1.000000000000000000e+00 4.300000000000000000e+01 4.000000000000000000e+00 3.000000000000000000e+00 0.000000000000000000e+00 0.000000000000000000e+00 0.000000000000000000e+00 3.000000000000000000e+00
3.100000000000000000e+01 2.080000000000000000e+02 3.100000000000000000e+01 1.670000000000000000e+02 1.200000000000000000e+01 7.600000000000000000e+01 2.700000000000000000e+01 1.000000000000000000e+00 6.860000000000000000e+02 0.000000000000000000e+00 6.570000000000000000e+02 3.600000000000000000e+01 1.000000000000000000e+00 8.010000000000000000e+02 0.000000000000000000e+00 1.517000000000000000e+03 7.600000000000000000e+01 3.890000000000000000e+03 1.000000000000000000e+00 3.900000000000000000e+01 3.000000000000000000e+00 3.153000000000000000e+03 1.900000000000000000e+01 0.000000000000000000e+00 3.330000000000000000e+02 3.000000000000000000e+00 3.900000000000000000e+01 1.800000000000000000e+01 1.320000000000000000e+02 3.000000000000000000e+00 2.810000000000000000e+02 2.220000000000000000e+02 0.000000000000000000e+00 2.080000000000000000e+02 2.600000000000000000e+01 7.195000000000000000e+03 2.190000000000000000e+02 2.392000000000000000e+03 0.000000000000000000e+00 2.000000000000000000e+00 8.000000000000000000e+00 9.700000000000000000e+01 2.000000000000000000e+00 4.600000000000000000e+01 2.000000000000000000e+00 2.000000000000000000e+01 1.000000000000000000e+00 2.200000000000000000e+01 1.000000000000000000e+00 0.000000000000000000e+00 2.000000000000000000e+00 0.000000000000000000e+00 1.000000000000000000e+00 3.100000000000000000e+01 0.000000000000000000e+00 8.000000000000000000e+00 4.100000000000000000e+01 1.200000000000000000e+01 6.800000000000000000e+01 1.310000000000000000e+02 0.000000000000000000e+00 1.900000000000000000e+01 0.000000000000000000e+00 7.000000000000000000e+00 1.000000000000000000e+00 1.000000000000000000e+01 1.000000000000000000e+00 0.000000000000000000e+00 0.000000000000000000e+00 1.500000000000000000e+01 4.000000000000000000e+00 5.000000000000000000e+00 1.000000000000000000e+00 1.980000000000000000e+02 0.000000000000000000e+00 2.000000000000000000e+00 9.000000000000000000e+00 2.820000000000000000e+02 1.600000000000000000e+01 9.000000000000000000e+00 0.000000000000000000e+00 0.000000000000000000e+00 0.000000000000000000e+00 1.600000000000000000e+01
1.000000000000000000e+00 1.070000000000000000e+02 1.500000000000000000e+01 6.800000000000000000e+01 4.000000000000000000e+00 3.140000000000000000e+02 1.230000000000000000e+02 0.000000000000000000e+00 7.500000000000000000e+01 0.000000000000000000e+00 1.020000000000000000e+02 7.500000000000000000e+01 2.000000000000000000e+00 3.124000000000000000e+03 1.517000000000000000e+03 0.000000000000000000e+00 6.200000000000000000e+01 1.826000000000000000e+03 2.800000000000000000e+01 5.510000000000000000e+02 5.000000000000000000e+00 2.794000000000000000e+03 4.200000000000000000e+01 1.000000000000000000e+00 4.710000000000000000e+02 1.300000000000000000e+01 1.310000000000000000e+02 2.180000000000000000e+02 4.700000000000000000e+01 6.000000000000000000e+00 1.550000000000000000e+02 2.100000000000000000e+02 0.000000000000000000e+00 1.130000000000000000e+02 4.600000000000000000e+01 5.060000000000000000e+02 1.140000000000000000e+02 3.610000000000000000e+02 0.000000000000000000e+00 1.660000000000000000e+02 2.000000000000000000e+00 1.590000000000000000e+02 1.000000000000000000e+00 4.700000000000000000e+01 5.000000000000000000e+00 2.600000000000000000e+01 1.000000000000000000e+00 1.900000000000000000e+01 1.000000000000000000e+00 0.000000000000000000e+00 2.000000000000000000e+00 1.000000000000000000e+00 0.000000000000000000e+00 5.000000000000000000e+00 0.000000000000000000e+00 4.000000000000000000e+00 3.300000000000000000e+01 2.100000000000000000e+01 2.100000000000000000e+01 1.400000000000000000e+01 0.000000000000000000e+00 2.000000000000000000e+00 0.000000000000000000e+00 1.200000000000000000e+01 0.000000000000000000e+00 1.000000000000000000e+00 1.000000000000000000e+00 0.000000000000000000e+00 1.000000000000000000e+00 1.000000000000000000e+00 5.000000000000000000e+00 1.000000000000000000e+00 0.000000000000000000e+00 1.770000000000000000e+02 0.000000000000000000e+00 2.000000000000000000e+00 3.000000000000000000e+00 1.880000000000000000e+02 2.100000000000000000e+01 9.000000000000000000e+00 0.000000000000000000e+00 0.000000000000000000e+00 0.000000000000000000e+00 2.300000000000000000e+01
8.000000000000000000e+00 1.150000000000000000e+02 8.000000000000000000e+00 7.600000000000000000e+01 1.300000000000000000e+01 1.520000000000000000e+02 6.000000000000000000e+00 1.100000000000000000e+01 8.000000000000000000e+00 1.700000000000000000e+01 1.000000000000000000e+00 1.780000000000000000e+02 7.000000000000000000e+00 3.900000000000000000e+01 7.600000000000000000e+01 6.200000000000000000e+01 0.000000000000000000e+00 8.000000000000000000e+01 1.000000000000000000e+00 3.260000000000000000e+02 1.100000000000000000e+01 3.800000000000000000e+01 2.940000000000000000e+02 0.000000000000000000e+00 4.000000000000000000e+00 1.000000000000000000e+00 3.000000000000000000e+00 1.190000000000000000e+02 2.000000000000000000e+00 1.019000000000000000e+03 4.000000000000000000e+00 2.779000000000000000e+03 1.900000000000000000e+01 8.000000000000000000e+00 1.550000000000000000e+02 2.530000000000000000e+02 8.600000000000000000e+01 5.600000000000000000e+01 1.000000000000000000e+00 2.000000000000000000e+00 1.200000000000000000e+01 2.000000000000000000e+01 9.000000000000000000e+00 6.400000000000000000e+01 3.000000000000000000e+00 2.700000000000000000e+01 1.000000000000000000e+00 2.200000000000000000e+01 2.000000000000000000e+00 0.000000000000000000e+00 2.000000000000000000e+00 0.000000000000000000e+00 1.000000000000000000e+00 1.700000000000000000e+01 0.000000000000000000e+00 1.000000000000000000e+00 3.400000000000000000e+01 1.400000000000000000e+01 1.320000000000000000e+02 4.600000000000000000e+01 0.000000000000000000e+00 8.000000000000000000e+00 1.000000000000000000e+00 1.400000000000000000e+01 0.000000000000000000e+00 1.000000000000000000e+00 0.000000000000000000e+00 0.000000000000000000e+00 0.000000000000000000e+00 1.000000000000000000e+00 2.000000000000000000e+00 3.900000000000000000e+01 0.000000000000000000e+00 1.690000000000000000e+02 0.000000000000000000e+00 1.000000000000000000e+00 2.000000000000000000e+00 1.600000000000000000e+02 3.400000000000000000e+01 2.300000000000000000e+01 3.000000000000000000e+00 1.000000000000000000e+00 1.000000000000000000e+00 1.900000000000000000e+01
3.800000000000000000e+01 4.400000000000000000e+02 8.000000000000000000e+00 2.820000000000000000e+02 1.000000000000000000e+01 1.200000000000000000e+02 3.500000000000000000e+01 0.000000000000000000e+00 5.000000000000000000e+00 0.000000000000000000e+00 8.100000000000000000e+01 1.666000000000000000e+03 1.000000000000000000e+00 5.067000000000000000e+03 3.890000000000000000e+03 1.826000000000000000e+03 8.000000000000000000e+01 0.000000000000000000e+00 6.000000000000000000e+00 2.105000000000000000e+03 4.000000000000000000e+00 3.470000000000000000e+02 2.300000000000000000e+01 0.000000000000000000e+00 8.200000000000000000e+01 0.000000000000000000e+00 1.000000000000000000e+01 3.104000000000000000e+03 4.000000000000000000e+00 3.000000000000000000e+00 2.800000000000000000e+01 1.400000000000000000e+02 0.000000000000000000e+00 4.400000000000000000e+01 7.000000000000000000e+00 2.906000000000000000e+03 1.710000000000000000e+02 1.000000000000000000e+01 0.000000000000000000e+00 2.000000000000000000e+00 0.000000000000000000e+00 1.050000000000000000e+02 1.000000000000000000e+00 2.600000000000000000e+01 1.000000000000000000e+00 3.000000000000000000e+00 0.000000000000000000e+00 7.000000000000000000e+00 0.000000000000000000e+00 0.000000000000000000e+00 0.000000000000000000e+00 1.000000000000000000e+00 0.000000000000000000e+00 4.500000000000000000e+01 0.000000000000000000e+00 6.000000000000000000e+00 1.100000000000000000e+01 6.000000000000000000e+00 5.500000000000000000e+01 1.290000000000000000e+02 0.000000000000000000e+00 2.000000000000000000e+01 0.000000000000000000e+00 3.000000000000000000e+00 5.000000000000000000e+00 1.000000000000000000e+00 0.000000000000000000e+00 0.000000000000000000e+00 1.000000000000000000e+00 1.200000000000000000e+01 0.000000000000000000e+00 0.000000000000000000e+00 0.000000000000000000e+00 1.210000000000000000e+02 0.000000000000000000e+00 1.000000000000000000e+00 2.000000000000000000e+00 1.600000000000000000e+02 8.000000000000000000e+00 1.000000000000000000e+00 0.000000000000000000e+00 0.000000000000000000e+00 0.000000000000000000e+00 3.000000000000000000e+00
0.000000000000000000e+00 3.600000000000000000e+01 7.060000000000000000e+02 7.840000000000000000e+02 9.000000000000000000e+00 2.000000000000000000e+00 1.000000000000000000e+00 8.900000000000000000e+01 2.000000000000000000e+00 1.000000000000000000e+01 2.000000000000000000e+00 0.000000000000000000e+00 0.000000000000000000e+00 4.000000000000000000e+00 1.000000000000000000e+00 2.800000000000000000e+01 1.000000000000000000e+00 6.000000000000000000e+00 0.000000000000000000e+00 4.000000000000000000e+00 6.070000000000000000e+02 1.800000000000000000e+01 0.000000000000000000e+00 1.000000000000000000e+00 1.360000000000000000e+02 1.499000000000000000e+03 6.310000000000000000e+02 1.000000000000000000e+00 4.000000000000000000e+00 3.000000000000000000e+00 1.200000000000000000e+01 3.000000000000000000e+00 2.100000000000000000e+01 8.030000000000000000e+02 1.010000000000000000e+02 0.000000000000000000e+00 3.000000000000000000e+01 9.000000000000000000e+00 2.880000000000000000e+02 0.000000000000000000e+00 0.000000000000000000e+00 1.392000000000000000e+03 0.000000000000000000e+00 0.000000000000000000e+00 3.000000000000000000e+01 2.000000000000000000e+00 0.000000000000000000e+00 0.000000000000000000e+00 0.000000000000000000e+00 2.000000000000000000e+00 0.000000000000000000e+00 0.000000000000000000e+00 1.000000000000000000e+00 0.000000000000000000e+00 0.000000000000000000e+00 0.000000000000000000e+00 0.000000000000000000e+00 0.000000000000000000e+00 1.000000000000000000e+00 0.000000000000000000e+00 2.200000000000000000e+01 0.000000000000000000e+00 1.250000000000000000e+02 0.000000000000000000e+00 0.000000000000000000e+00 0.000000000000000000e+00 0.000000000000000000e+00 9.000000000000000000e+00 0.000000000000000000e+00 0.000000000000000000e+00 0.000000000000000000e+00 0.000000000000000000e+00 1.000000000000000000e+00 1.000000000000000000e+00 2.700000000000000000e+01 3.900000000000000000e+01 6.000000000000000000e+01 0.000000000000000000e+00 0.000000000000000000e+00 0.000000000000000000e+00 4.500000000000000000e+01 0.000000000000000000e+00 0.000000000000000000e+00 0.000000000000000000e+00
