0 2381.41466596723 3346.60066586733 1579.83699381351 5232.55689713359 4638.76851448417 1355.11276012659 2312.21744197607 2077.84323817492 226.985957726836 0.42082542181015 5.23542580008507 19.7639985382557 17.2789923250675 91.8926635682583 2848.52566757798 1.93374213576317 698.198862940073 13.6145277619362 181.105194181204 50.3343936800957 7.9708938896656 23.9733963310719 19.2081003189087 1159.98004257679 30.9325241148472 1.38965100049973 78.9715887010098 7.00201565027237 5.4439609348774 30.0987443625927 17902.4996919781 372.769409447908 54.6293079257011 10.8114762604237 499.645572781563 199.363330453634 1474.86010614038 196.316606402397 40.4437980055809 442.206555992365 141.855507418513 30.0258221924305 32.3487649261951 22.2442979812622 56.1546005308628 63.299736276269 16.1342027783394 2098.34137696028 123.170355945826 335.19983714819 117.247956097126 156.188500016928 221.47476541996 292.533942997456 599.6156501472 68.6284939944744 1383.04915252328 581.122449666262 98.9963515102863 2.33676344156265 1.7994037270546 0.755009829998016 2.05761080980301 15.6990790963173 45.2682797014713 37.6142630279064 3.02746510505676 0.590565741062164 143.576032072306 157.838974773884 0.970912784337997 0.646567165851593 96.5018008649349 89.6125319302082 961.539492741227 16.4083732366562 3.92142617702484 6.3298307955265 372.950615465641 79.2491492629051 29.4376099407673 3.04191753268242 0 0.384352326393127 0.880948662757874 68.7300211489201 3.51086118817329 591.220271795988 27.1382297277451 264.88841290772 289.458933457732 541.733337178826 30.1366040706635 3.59755408763885 3.62131777405739 1.58629262447357 0 211.016566842794 31.9709485769272
2381.41466596723 0 8916.57588550448 8742.42620095611 13438.8233399987 1280.45719361305 296.618980795145 2708.09772464633 1168.28416618705 102.403937995434 0 0 4.22424530982971 1.06098163127899 15.0922313332558 12623.4915911555 0.294254332780838 65.8890692591667 1.95763617753983 9.22681352496147 6.14931529760361 1.42812579870224 2.60967737436295 0 1434.94155782461 2.85196471214294 0 2.38692378997803 3.08849430084229 4.26258072257042 84.0462448596954 1874.14008259773 409.996826440096 4.08384275436401 2.01627534627914 23.9453393518925 6.4449850320816 1810.08886890113 73.6584215462208 11.0860543251038 29.3579624295235 218.309715807438 33.4622431993484 25.6848307847977 42.6904556751251 3.18753764033318 8.89711254835129 0.650364607572556 92.7300128042698 1.20885992050171 31.7468829452991 10.1115373075008 34.0931867361069 41.5026779770851 51.6965495944023 90.3747408986092 18.6559130549431 399.303063184023 22.7751925587654 0 0 0 0 0 0 2.88529092073441 7.11807137727737 0 0 30.6671876013279 12.332025885582 1.45272123813629 0 2.00223255157471 0.495117127895355 47.9990566074848 0 3.25271987915039 1.69724866747856 32.4948789179325 4.46185398101807 6.99524390697479 0 0 0 0 2.45683908462524 0.314865797758102 97.0160884261131 3.12432610988617 25.1385568976402 34.935049623251 45.3612295985222 1.16852760314941 0 0 0 0 83.94564473629 4.98236626386642
3346.60066586733 8916.57588550448 0 953.724395602942 12579.6010158062 11590.0641264915 259.809073597193 968.264790832996 1477.11510044336 60.1701977849007 0.454611152410507 0 0.629668831825256 1.92431592941284 0.710685253143311 1921.76091977954 0.353168934583664 88.9788094162941 1.14930689334869 10.2283174097538 0.649131059646606 1.98110076785088 3.05583822727203 0 759.820811152458 2.46561706066132 0 0.530980885028839 0 0.714074939489365 102.797296971083 2757.15529224277 141.187211811543 6.96852844953537 1.53345915675163 106.919290035963 1.90884274244308 1037.40326958895 53.7652911245823 6.768384963274 37.3551119267941 243.540902554989 46.9678775072098 32.997869849205 57.4453596174717 5.44169372320175 3.84202870726585 0 457.176090508699 4.62346896529198 140.346283316612 57.3510499596596 64.900497674942 123.044807463884 141.534654647112 334.320418000221 26.1320336163044 885.034496486187 36.9905295372009 0 0 0 0.408304423093796 0 0 0 9.45888355374336 0 0 31.8562358021736 16.5815073847771 0 0 5.099957883358 2.56862351298332 77.1610627174377 0 0 0 114.22693169117 1.04243651032448 10.4796679317951 0 0 0 0 0 0 171.339299470186 0 32.9960118830204 30.1917859315872 55.7368948757648 1.53908544778824 1.74138760566711 0.501499176025391 0.767965078353882 0 133.819317251444 3.53617373108864
1579.83699381351 8742.42620095611 953.724395602942 0 7500.81386323273 1931.41310116649 5402.09968310595 39503.0968563557 4147.400415048 443.73828881979 0 2.96662396192551 4.99549412727356 0.784561544656754 0.749853909015656 9510.87535478175 1.29973894357681 163.495062336326 1.31556308269501 4.51368147134781 5.09579008817673 5.33616083860397 5.52343234419823 2.48084336519241 2808.55457803607 4.02355885505676 0.376128882169724 0.728882730007172 0.418840974569321 4.49338790774345 80.6076434850693 1677.52910789847 827.540951192379 8.99620687961578 3.40840661525726 32.2429353892803 8.1168487071991 3585.68120729923 400.944212436676 19.624454587698 99.2109768539667 199.842039197683 49.3728474974632 21.7709341645241 44.2150546610355 2.74917605519295 21.8946582376957 1.49341517686844 282.349712908268 7.44009900093079 90.7488125264645 35.5510146617889 139.071043908596 144.764454185963 118.905800491571 312.633005678654 67.0777085721493 1189.37050563097 84.7538017630577 2.3850200176239 0 0 0 0 0 0.4641392827034 53.3738057017326 0 0 90.0504229366779 43.4556347727776 0.684595763683319 0 8.54715305566788 6.29476141929626 169.163226723671 0 0.339020699262619 0 120.006486445665 2.64350593090057 20.2586806714535 0 0 0 0 4.88763928413391 1.32199263572693 339.123953998089 2.2085188627243 69.4790281951427 68.5848617851734 165.453048437834 6.99127122759819 0 0.419535100460052 0.770733416080475 0 261.44624748826 11.178832679987
5232.55689713359 13438.8233399987 12579.6010158062 7500.81386323273 0 5322.79987299442 892.035766333342 14510.3046478629 17425.7450172901 775.076416760683 0.499842971563339 7.71010652184486 30.4938772916794 10.1768869161606 4.79438418149948 5202.64155957103 0 110.354914486408 3.53317087888718 16.9990139007568 1.05010443925858 14.6335375010967 11.1562345027924 6.84730058908463 7873.01453100145 16.9194274842739 0.332071155309677 2.29880431294441 2.24589657783508 4.81585922837257 446.89336553216 6124.70842756331 1308.46676793694 9.67318776249886 8.5994239449501 61.488424628973 27.4395132660866 9992.39168985188 569.025201946497 45.2345846295357 225.249217569828 1060.11270231009 238.586298018694 147.802540659904 227.986203551292 10.5474446117878 45.9582610428333 5.15873497724533 874.453375458717 13.6484769880772 326.981629818678 146.442483276129 253.504049956799 442.279996186495 411.870601087809 920.13504076004 142.799887508154 2641.14096620679 122.132359564304 2.46939069032669 0 0 0 0 0 0 63.6106237471104 0 0 165.867681026459 31.8696192502975 0 0 8.1806466281414 2.39654397964478 259.475401908159 0.537981569766998 0 1.88467788696289 298.919337317348 5.27831256389618 23.7345675230026 1.44760912656784 0 0 0 4.20962265133858 1.05795192718506 560.154200643301 5.19363611936569 95.7671949863434 140.079825252295 223.77054899931 11.4226092994213 1.5178946852684 3.97450536489487 0.533565878868103 0 543.35470277071 12.8797362446785
4638.76851448417 1280.45719361305 11590.0641264915 1931.41310116649 5322.79987299442 0 362.309466898441 3749.24553091824 36354.9287142158 342.627318888903 0.427963942289352 0.581871390342712 10.2834202051163 7.64961314201355 3.94470575451851 1472.77758565545 1.16001677513123 419.074938684702 5.87007507681847 75.7136190831661 0.896944522857666 6.87134474515915 13.4640271663666 5.78076699376106 2340.14061160386 13.2583318948746 2.1703417301178 49.361670255661 5.69905734062195 11.6561626195908 164.77691885829 4168.55844546854 324.475444078445 9.3965437412262 10.1456300318241 1835.33868685365 52.7850660383701 2571.17155991495 241.129478484392 30.1967607140541 265.585593044758 333.838497340679 65.1814375370741 60.7213389873505 53.8881214559078 44.4783609509468 33.836071908474 5.99113211035728 5307.91386801004 61.4550349116325 543.540633916855 267.50271743536 481.224328860641 748.829005524516 794.739309445024 1577.19687452912 254.649462372065 4662.40032479167 397.287614092231 28.5333384275436 1.97740989923477 1.42419028282166 1.76148289442062 0.253378599882126 0 3.52645140886307 109.358256816864 0 3.58438503742218 270.377761781216 109.913742929697 0.682444393634796 0.781445473432541 32.5412206053734 13.9945814013481 929.416588783264 2.26068845391273 0 2.62602525949478 663.190850153565 21.0868805646896 62.2753365337849 2.70493227243423 1.1009681224823 0 3.74450930953026 15.8077883124352 1.55066153407097 1018.68139767647 20.9083535671234 305.588075876236 364.878069609404 617.159995630383 37.4171989262104 1.69759881496429 4.29130372405052 2.86387634277344 1.29371523857117 653.758720606565 30.9807236194611
1355.11276012659 296.618980795145 259.809073597193 5402.09968310595 892.035766333342 362.309466898441 0 40920.8708248138 3592.55354830623 202.483447700739 6.15405908226967 13.7086272835732 186.519154071808 202.855581074953 32.6291458904743 25610.6770326197 19.1102001070976 4922.16492471099 147.448696345091 314.255703121424 75.9978813529015 58.5842689871788 298.947585344315 51.7079766988754 847.427881807089 15.7094757556915 7.83711004257202 6.96635898947716 4.71835029125214 25.4298177957535 57.3059950470924 3547.09018045664 2883.17982539535 606.250146448612 52.5936254858971 473.25379139185 22.7755804955959 1899.76328063011 428.542375355959 509.052807807922 13333.6186608374 135.304877072573 42.4863144159317 26.3265432715416 26.8697539567947 22.030964910984 606.915395230055 97.9189816117287 420.535532087088 38.4314660429955 33.2888131141663 21.8314641416073 69.1701732873917 77.2946072220802 49.6276088058949 141.392916709185 43.1349047124386 567.328376859426 92.2410043776035 1.25760462880135 0.785536646842957 0.813498854637146 0.328881829977036 0 0.471013993024826 6.93892562389374 29.916759878397 0 0.851656317710876 85.1751076579094 36.9306346774101 0 0.493701279163361 12.9639441668987 3.89129823446274 114.813899844885 0 2.09368404746056 1.61064621806145 78.4984222650528 3.22948244214058 17.6131834983826 0 0 0 1.22362858057022 14.7796596884727 3.95931488275528 240.601361870766 6.68802845478058 50.5804291367531 66.908228546381 137.950136750937 6.34910601377487 0.828351438045502 0.730683028697968 0 0 179.97406154871 6.93401473760605
2312.21744197607 2708.09772464633 968.264790832996 39503.0968563557 14510.3046478629 3749.24553091824 40920.8708248138 0 24864.8488568813 1071.69679374993 7.18456587195396 8.76311880350113 67.5459455251694 117.664738863707 49.1018502116203 17521.143072769 24.0105982720852 21084.716231972 71.3420920372009 560.282254695892 44.9210309684277 21.3810541629791 105.176585197449 107.432353615761 2828.53128728271 26.9307007789612 4.39103427529335 9.4139906167984 6.27083933353424 15.4432457387447 84.9295342564583 3318.64395168424 2496.4629714638 2663.42795845866 24.5777489840984 1409.88155785203 45.4263441264629 4501.96056851745 1308.10133329034 99.6677694022655 1468.03263354301 229.822775289416 61.7712021768093 25.5940884053707 46.2489760816097 33.806640625 321.202648952603 58.911575704813 1524.19368579984 94.955864906311 181.387801796198 97.2523496747017 283.674328714609 319.339443057775 345.474911898375 746.030801802874 142.056556433439 2544.20364046097 196.878640085459 4.76284883916378 0.324040502309799 0.443695068359375 0.297862738370895 0 0.974082171916962 6.49030405282974 86.4258654713631 0 1.88109827041626 219.473477959633 69.428429454565 1.02934628725052 0.663444250822067 8.54907658696175 3.94424539804459 346.383239835501 2.09424290060997 2.15524038672447 1.45845830440521 264.782493397593 4.81773814558983 54.9185435771942 0.374824702739716 0 0 0 15.7991515994072 0 810.10713711381 9.06767398118973 137.219307661057 194.099615007639 334.12675653398 21.139413356781 0 0.981700450181961 0.547192633152008 0 736.329060524702 25.2788306474686
2077.84323817492 1168.28416618705 1477.11510044336 4147.400415048 17425.7450172901 36354.9287142158 3592.55354830623 24864.8488568813 0 1479.57796537876 8.23853695392609 10.659952133894 45.8957372903824 51.2584163844585 7.01336032152176 3851.83047759533 3.90870460867882 1424.68623426557 27.3904280662537 155.284007936716 12.8105625808239 31.9959880113602 72.9019580483437 19.2476909458637 3288.83278501034 36.3976200222969 2.53392645716667 11.0539757311344 8.02949273586273 8.22274726629257 74.8156244456768 1734.4276522547 1426.78612345457 18.075896859169 21.2955664098263 2559.11055865884 23.200720757246 4543.50025378168 1527.65886726975 110.60747936368 414.179738044739 197.654479563236 70.6477627456188 22.6291211843491 35.2196423411369 18.0937124788761 133.905413433909 16.9237346053123 8387.69430291653 242.031438082457 633.479460984468 322.845459759235 753.123240590096 1184.56137511134 1163.83752340078 2572.13615766168 441.240245163441 9145.71902054548 319.16204598546 6.06649404764175 1.36598640680313 0 0.715427398681641 0.421906530857086 1.14254534244537 4.90559548139572 176.648259192705 0 2.56448793411255 561.952936768532 112.769146770239 1.75258606672287 0.598183274269104 33.5413897335529 6.35869899392128 738.762722551823 0 2.08336186408997 1.27301669120789 730.291913717985 2.5753358900547 68.8674097061157 1.1762478351593 0 0 0.397053271532059 18.4206706881523 3.12420549988747 2255.86831969023 6.85687407851219 286.490156680346 405.14081287384 628.225549817085 31.0426643192768 3.14753463864326 0.796552181243896 1.06635671854019 0 2689.79718774557 37.5403434038162
226.985957726836 102.403937995434 60.1701977849007 443.73828881979 775.076416760683 342.627318888903 202.483447700739 1071.69679374993 1479.57796537876 0 6166.96872791648 4391.66992726922 544.621752947569 36.9950969815254 47.2799016684294 290.852378189564 186.827694654465 2162.90867087245 15.2762874662876 1768.81945735216 564.528100281954 1247.92049728334 104.872255787253 3973.39949813485 8028.56730593741 7648.66333040595 53.9941014647484 176.0306430161 125.115673333406 311.247290074825 8.46495163440704 277.331963941455 162.984527781606 297.86517137289 715.781432390213 513.19256362319 1149.16469430923 5163.27282761037 4673.84806784987 2361.29908129573 1189.36654791236 304.550313562155 3074.37677177787 21.8867224752903 17.6517185866833 1136.84803783894 854.184286415577 171.148358464241 1299.84984615445 1233.25567761064 154.170654684305 23.2184375524521 100.378453612328 105.544771596789 54.461006462574 217.368103146553 43.9042821228504 318.323029100895 1317.48587322235 163.542061209679 6.19023621082306 2.35821944475174 0 0 40.8264001905918 125.658005803823 57.1084959208965 3.42823433876038 6.92252919077873 132.182245463133 362.662870198488 3.1758599281311 0 231.488535165787 289.454339951277 1788.2019944787 41.8493657410145 6.2798555791378 2.10272538661957 313.880648344755 244.421389698982 121.35033878684 1.22891956567764 4.06404632329941 0 3.20418345928192 225.719427675009 10.7361235916615 725.188676834106 109.465276867151 402.88325843215 466.022932767868 1186.25947840512 37.5141646265984 3.8489021062851 2.61592730879784 5.02714577317238 2.60156464576721 94.3069019019604 67.1048003137112
0.42082542181015 0 0.454611152410507 0 0.499842971563339 0.427963942289352 6.15405908226967 7.18456587195396 8.23853695392609 6166.96872791648 0 11085.2242863476 1005.56989401579 549.376703828573 934.004054039717 9.77601483464241 130.81146043539 225.853109270334 61.5065439641476 226.302092373371 433.041513830423 106.677965432405 324.582986563444 718.712136656046 1877.32186251879 685.100127398968 1.53690552711487 10.9968394339085 38.9895377159119 11.7777419090271 0 3.49783480167389 5.3295806646347 59.1856883764267 6.98887529969215 32.9443616569042 54.7696450650692 148.436515688896 201.87858954072 76.1670205593109 136.691219002008 10.8523454666138 48.5587880313396 5.63620907068253 0 18.5371181666851 8.98128765821457 1.98420375585556 10.9649552702904 120.116668581963 3.49999216198921 0 1.29352235794067 3.10672831535339 0.436901539564133 3.46225905418396 0.695243418216705 5.23452612757683 38.449209600687 8.07402631640434 1.69641950726509 0.528746724128723 0.785978257656097 0.429749339818954 3.49968242645264 22.8475261032581 1.19589048624039 0 0.438530057668686 2.50054842233658 16.2141087651253 4.03340598940849 1.20816671848297 11.9598067104816 12.1902665495872 54.0583908259869 5.66220653057098 4.16046512126923 0 11.703213095665 13.5792074501514 0.923162490129471 0.320934295654297 0 0 1.72753632068634 12.9856548011303 0 16.7225573658943 3.32227551937103 15.2245530188084 14.0816520750523 40.7069770991802 1.9205493927002 0 0 0.499203145503998 0.540929794311523 0.490598618984222 2.7456887960434
5.23542580008507 0 0 2.96662396192551 7.71010652184486 0.581871390342712 13.7086272835732 8.76311880350113 10.659952133894 4391.66992726922 11085.2242863476 0 19895.2652517259 2929.66905030608 8952.60053467751 35.3878226876259 6654.24872201681 604.413148641586 3500.45241123438 392.47825846076 2528.06971696019 4064.34072977304 4433.80437088013 4350.13002946973 17034.5656356514 8795.28567147255 25.4825891256332 192.811294019222 291.28745803237 3145.0430445075 1.57540914416313 36.2744398862123 195.469407081604 1159.26718190312 594.673617720604 60.304606616497 928.027721554041 398.184350043535 929.761213302612 877.479943305254 1223.79860895872 34.9627307653427 553.465211451054 16.3255442380905 10.4001733958721 171.293075144291 1647.10781866312 94.7557110488415 9.96999460458755 183.122989267111 6.02810949087143 0.698608219623566 0.944722801446915 1.35143935680389 0.699988961219788 7.18448495864868 0 0.530626356601715 75.9992956221104 113.507207542658 43.461370408535 33.7916997969151 19.4709666669369 2.00398331880569 48.845890879631 565.921799093485 5.27715712785721 1.9537445306778 0 5.44932228326797 89.8867402672768 115.460448890924 14.9269861876965 12.6622097194195 29.880706936121 290.595807254314 154.947326421738 377.310662865639 1.99729564785957 1.34921967983246 5.99394556879997 3.74188837409019 2.44880056381226 3.58442816138268 0 113.896160632372 317.053281188011 52.2356680035591 49.0187711119652 5.14867943525314 6.73499619960785 7.43283462524414 29.509702205658 0.779981404542923 3.26315957307816 2.49736160039902 4.97147431969643 16.5661693811417 1.86804363131523 8.08380046486855
19.7639985382557 4.22424530982971 0.629668831825256 4.99549412727356 30.4938772916794 10.2834202051163 186.519154071808 67.5459455251694 45.8957372903824 544.621752947569 1005.56989401579 19895.2652517259 0 12907.2287985682 7421.59067231417 808.763156116009 6037.61861351132 465.585008323193 3590.58985894918 49.5532535612583 700.158040523529 16844.3400934041 3452.55580163002 2424.61893680692 3798.5857039094 1345.09497621655 50.6576499342918 160.360310465097 40.5495113432407 1418.19525936246 3.83239221572876 203.239483088255 1341.88285797834 3348.09949311614 1506.11443963647 18.7927913665771 943.797250539064 818.967561930418 1720.57938057184 1139.88643836975 3735.97544774413 40.7123246788979 1296.16211467981 3.78575772047043 13.4123647511005 137.734042704105 4049.21899008751 156.608271062374 23.9307532906532 17.2804175317287 0 0 3.97896759212017 1.31533968448639 0 1.17473500967026 0.814690172672272 2.63682267069817 6.12052431702614 62.9513325989246 95.4874476194382 194.250315397978 108.38138127327 14.7078135311604 0 557.952412813902 18.2088329493999 0.388311386108398 0.73931559920311 3.73753064870834 7.62974798679352 454.023430913687 150.220527678728 2.50349771976471 0.373966753482819 352.505105316639 20.9352532625198 751.920472234488 0 1.17695343494415 5.64556804299355 5.52102237939835 1.49374401569366 2.97312116622925 1.88021516799927 129.458557188511 251.417888700962 118.664945036173 6.51231250166893 3.72623720765114 15.419926315546 0.639916092157364 24.5944607853889 0.490489691495895 2.79189217090607 0.620596051216125 6.42556521296501 9.86979031562805 1.98897022008896 1.33064562082291
17.2789923250675 1.06098163127899 1.92431592941284 0.784561544656754 10.1768869161606 7.64961314201355 202.855581074953 117.664738863707 51.2584163844585 36.9950969815254 549.376703828573 2929.66905030608 12907.2287985682 0 18595.6454892457 540.189755648375 19626.3055267632 1293.68645343184 21861.5097312033 164.304051011801 6328.63843280077 1296.50677019358 26924.1098529398 1215.6230314523 6429.89175465703 1370.33706223965 27.9829751253128 61.5511811375618 122.162984579802 225.588216096163 2.25944823026657 92.2623442709446 343.452245742083 1927.07858663797 179.507224917412 55.9820036888123 842.463816285133 178.019557535648 174.091292083263 106.56017306447 4874.68094083667 39.6734775900841 188.207399785519 9.0754956305027 6.6311169564724 389.608994096518 7269.69566765428 2585.54701414704 24.1950140595436 36.296610057354 6.93110275268555 0 0.446548312902451 0 0.933168470859528 1.90077167749405 0 9.73931112885475 19.2474884986877 133.178995668888 38.5416559576988 92.4983283877373 35.6014878451824 12.7112630009651 20.6223461031914 832.436368733644 1.42265346646309 1.39605847001076 0 4.500482827425 18.4022674560547 108.468865275383 110.445571139455 0.826197862625122 10.6133840382099 258.146904617548 68.9355652034283 303.558977216482 0.879473060369492 0.637092769145966 1.46438559889793 2.64930674433708 3.05445638298988 2.28329336643219 0.784041583538055 13.9839736223221 340.880608379841 31.0516823530197 7.35308480262756 2.52720072865486 2.43882277607918 2.97930297255516 16.9092771410942 0.295428484678268 2.02863726019859 0.337614089250565 5.31541591882706 3.1571150124073 0.3587666451931 0.606896877288818
91.8926635682583 15.0922313332558 0.710685253143311 0.749853909015656 4.79438418149948 3.94470575451851 32.6291458904743 49.1018502116203 7.01336032152176 47.2799016684294 934.004054039717 8952.60053467751 7421.59067231417 18595.6454892457 0 85.0165827274323 3951.05601492524 1105.38072955608 1593.54007938504 3288.34823936224 12267.0061725676 3666.69286647439 13771.507222116 1650.2203065455 8957.41420419514 2778.81118053198 104.993863224983 2431.25551128387 9169.96173414588 3544.71848455071 75.7661470770836 22.0208781212568 68.6935934126377 416.3867174685 245.020009100437 202.622094660997 11156.3486264646 71.6181723624468 98.5615447759628 46.2584228813648 1087.20551815629 162.790432363749 375.202929407358 453.215744137764 89.8500586748123 1981.8081022799 2372.64795166254 1241.77720689774 96.7017983198166 1898.86398202181 47.0228989720345 0 3.87026706337929 4.47566345334053 1.26599195599556 9.05069336295128 3.09006369113922 2.40399116277695 104.771794557571 504.575965195894 296.35996568203 696.498150512576 545.730159699917 133.261002749205 168.32581782341 10834.9420025647 38.2591830193996 4.57300534844398 5.20776873826981 10.3164775967598 365.199606388807 1253.15671247244 821.323042809963 36.1708329021931 91.3600097298622 1292.23777770996 945.454254448414 2449.66939562559 43.2687065601349 8.00894260406494 26.4935765862465 17.5425592362881 36.7042216658592 30.0350757837296 8.29595690965652 248.457472085953 1450.54671353102 398.817311584949 313.891759425402 12.6080966293812 49.4034825712442 8.88037928938866 101.340405464172 28.1636354625225 29.5341607928276 59.8912540376186 61.7423831224442 22.8994678258896 3.06347826123238 16.3122331500053
2848.52566757798 12623.4915911555 1921.76091977954 9510.87535478175 5202.64155957103 1472.77758565545 25610.6770326197 17521.143072769 3851.83047759533 290.852378189564 9.77601483464241 35.3878226876259 808.763156116009 540.189755648375 85.0165827274323 0 50.6308015882969 4781.73722502589 253.71200889349 330.819103360176 169.184038698673 259.848547175527 625.275417625904 55.904891461134 964.93794849515 51.5926404595375 22.5633584409952 16.5096289515495 8.37382057309151 76.9095476865768 81.6661787629128 8247.55310453475 25377.599418655 677.943684637547 226.184340626001 641.831521004438 47.1271177828312 3728.75068937242 589.89577755332 479.411657899618 17790.193003282 220.53043794632 177.027201086283 29.0675124824047 56.2408756017685 60.3917087167501 1466.2015439719 166.256663501263 633.224068641663 58.0592934787273 135.054475337267 49.5030730068684 202.797502964735 152.414420247078 180.690444916487 370.205009758472 98.1397455334663 1571.17233601213 273.302136451006 10.047186166048 1.87061908841133 5.73727607727051 0 0.401636630296707 3.41563168168068 12.5969687402248 64.9877204447985 0 0.410605192184448 210.713735967875 159.713790088892 8.4148787856102 0.362652510404587 19.9177114665508 22.4790705144405 377.283759370446 0.456746399402618 29.121104568243 2.56391274929047 213.044093072414 16.3332422971725 54.0710855126381 1.52502369880676 0.849913746118546 0 10.1595660746098 11.5196924805641 10.2465613186359 893.90680795908 12.7758785188198 112.512774199247 209.214515417814 348.738128051162 15.8922293484211 1.85041415691376 0.618257850408554 1.07502859830856 0 295.149586290121 24.7803250253201
1.93374213576317 0.294254332780838 0.353168934583664 1.29973894357681 0 1.16001677513123 19.1102001070976 24.0105982720852 3.90870460867882 186.827694654465 130.81146043539 6654.24872201681 6037.61861351132 19626.3055267632 3951.05601492524 50.6308015882969 0 4105.60915958881 30785.4363260865 312.832957535982 4766.83341363072 1777.55903884768 723.45325666666 4006.89551535249 227.423466533422 637.676260650158 16.4994808137417 44.058129966259 185.400247037411 222.595767647028 0.335704177618027 7.22683429718018 40.892990976572 3925.99598994851 312.570248514414 42.483059078455 243.172492831945 35.3701910078526 69.1193785071373 281.280459463596 1835.60622516274 18.0398972332478 461.104844748974 8.82779484987259 4.29818174242973 73.6637243926525 1679.01702263951 69.0023555159569 3.97908690571785 145.669818639755 2.55956816673279 0 0.30883800983429 2.11134761571884 0 2.16384261846542 0 1.58065956830978 23.5407866835594 17.176088988781 3.95808559656143 2.65236130356789 0.400880843400955 0 5.3591268658638 89.0213270783424 1.48556992411613 0.331719189882278 0 0 14.3852687478065 7.52182817459106 0.450293868780136 5.48848456144333 5.31304562091827 53.738119572401 32.9782741367817 13.185600310564 0.363191455602646 3.34793680906296 4.60759150981903 0.710339337587357 0.80744257569313 0.634990632534027 0.517647385597229 1.32327157258987 55.0807352364063 8.40477633476257 14.5356469750404 0.806888371706009 2.474953353405 2.97467896342278 11.7386107444763 0 0 0.484409242868423 0.600225925445557 0 0.34179624915123 3.12626382708549
698.198862940073 65.8890692591667 88.9788094162941 163.495062336326 110.354914486408 419.074938684702 4922.16492471099 21084.716231972 1424.68623426557 2162.90867087245 225.853109270334 604.413148641586 465.585008323193 1293.68645343184 1105.38072955608 4781.73722502589 4105.60915958881 0 3558.10198968649 14341.7694806457 3350.67781797051 199.493823289871 1058.25784668326 4737.27132678032 2626.72771337628 192.492851048708 23.2002667188644 143.084729671478 181.526412218809 131.579305559397 29.1689485311508 1276.35366523266 1617.88893857598 38650.1882308424 75.8532359600067 6298.45930367708 310.590127617121 2665.86971482635 1550.26488101482 831.07709094882 36568.0080239177 100.423108875751 115.484309405088 50.8477019369602 20.3909578919411 173.736895173788 1196.50286081433 366.387178719044 2315.63184842467 1004.1261793375 19.7241491675377 5.97187799215317 34.8491753041744 33.0604692101479 24.6857899725437 77.2784051299095 16.158937484026 222.832354426384 217.521600604057 37.474434107542 5.90783433616161 4.19633853435516 0.63419571518898 0.259498119354248 14.4097520112991 98.7932263165712 21.6872976869345 0 2.30023175477982 42.9449144601822 64.1165615916252 5.34228718280792 3.19771361351013 22.5197716355324 31.9432348310947 292.013725146651 20.3219247460365 12.634239166975 2.50680014491081 31.3143029510975 18.9159824550152 43.3365925699472 2.85205212235451 0.538347125053406 0 2.71567562222481 84.4719883203506 4.11981630325317 163.272965669632 10.9125369489193 41.1303803920746 54.5661111474037 174.175047248602 1.23546069860458 0.553263664245605 2.06269335746765 0.465515702962875 0 118.977835476398 30.4141763448715
13.6145277619362 1.95763617753983 1.14930689334869 1.31556308269501 3.53317087888718 5.87007507681847 147.448696345091 71.3420920372009 27.3904280662537 15.2762874662876 61.5065439641476 3500.45241123438 3590.58985894918 21861.5097312033 1593.54007938504 253.71200889349 30785.4363260865 3558.10198968649 0 79.0036494731903 3197.88047945499 573.678913921118 3677.52310007811 3231.0083874166 595.412916064262 84.0732200443745 2.94146707653999 10.9757762849331 28.0045026540756 29.7934598624706 0 45.1983664929867 124.274149477482 7584.27984306216 49.192292869091 36.2472364604473 71.746044754982 68.5954092442989 73.656977057457 56.9301961064339 5750.99756222963 4.60023555159569 73.3928369879723 2.04038044810295 2.62123385071754 22.7482752501965 1352.73193597794 172.844244092703 19.9428018629551 18.4354268610477 5.11163276433945 0 0.516469955444336 0.82590788602829 0.532528758049011 0 0.367903977632523 0 3.81199532747269 12.6720102131367 0.744074434041977 2.11287516355515 0 0 6.533861130476 46.7349682748318 0 0 0 2.48836475610733 0.52577531337738 5.26815345883369 0 0.556312143802643 1.25479793548584 17.319337695837 14.3298619389534 4.92397317290306 0 0.409601539373398 1.70977133512497 0 0 0 0 1.14330688118935 23.4609243869781 0.676487624645233 2.64343401789665 0 0.485943257808685 1.45887488126755 3.06999599933624 0.806960046291351 0 0 0 0 0.456190377473831 0
181.105194181204 9.22681352496147 10.2283174097538 4.51368147134781 16.9990139007568 75.7136190831661 314.255703121424 560.282254695892 155.284007936716 1768.81945735216 226.302092373371 392.47825846076 49.5532535612583 164.304051011801 3288.34823936224 330.819103360176 312.832957535982 14341.7694806457 79.0036494731903 0 1240.56375724077 67.7142853140831 505.539447188377 2092.1525554657 1705.04186183214 474.388690412045 51.7622913718224 1434.72178435326 3519.07841002941 713.522095531225 32.7262272834778 172.075973689556 269.996972024441 3141.99157699943 56.3817119598389 6376.95029810071 2034.14357206225 571.260807752609 587.638464570045 546.592301249504 4851.32021549344 73.1898628175259 77.5567035377026 414.499634772539 27.0253577530384 812.77195045352 108.684979557991 51.3109289109707 1386.04156729579 3185.22631546855 53.8935367465019 5.01510900259018 33.0341657102108 30.9217630028725 18.4829316735268 46.8485508561134 11.0029333233833 48.7602833807468 714.840729862452 86.605793684721 9.03606197237968 7.28402349352837 1.53423693776131 1.79852509498596 38.8497716188431 328.307589679956 52.6351131498814 1.24376368522644 6.61980077624321 24.3944456577301 123.369976997375 11.4121246337891 4.68846094608307 69.5992047786713 64.9191201627254 858.716605335474 95.6075556874275 17.2727084755898 25.3552810549736 82.5190642178059 86.0611897706985 146.774473905563 17.503473430872 11.307799577713 0.666701167821884 4.85688889026642 270.068125337362 27.0848687887192 171.984746873379 37.5097507536411 110.08908611536 222.025536090136 583.366963684559 24.3571064472198 3.49974191188812 28.8270746171474 12.1567292809486 0.357362151145935 18.4927950501442 61.0986282527447
50.3343936800957 6.14931529760361 0.649131059646606 5.09579008817673 1.05010443925858 0.896944522857666 75.9978813529015 44.9210309684277 12.8105625808239 564.528100281954 433.041513830423 2528.06971696019 700.158040523529 6328.63843280077 12267.0061725676 169.184038698673 4766.83341363072 3350.67781797051 3197.88047945499 1240.56375724077 0 255.961895704269 3693.23480477929 5988.64811450243 3482.05563160777 417.43737924099 23.1670915484428 306.665361642838 1891.65740546584 1290.34221825004 5.05530869960785 48.2953964471817 135.422282963991 3481.78095582128 50.3323773145676 83.9887044131756 1372.07230454683 141.639853715897 179.777115166187 191.4928150177 4204.77909830213 24.238744944334 85.4277826547623 64.9966149032116 12.1855511069298 451.713691115379 983.086233645678 318.773304283619 10.464174002409 201.245986074209 42.291087448597 0.564819157123566 0.780143976211548 5.43253207206726 1.03730565309525 33.8038521111012 0.757133007049561 9.02392554283142 303.006491392851 140.396627217531 36.3075232207775 20.6986104696989 4.98834961652756 5.9458155632019 170.536871016026 624.630376577377 2.91862770915031 4.89925414323807 0 13.7267872095108 359.713633298874 14.0193131119013 5.72446212172508 86.8667840361595 187.884359538555 431.529608339071 174.797596871853 30.2530237734318 4.64572501182556 18.5990459024906 22.4974165260792 0.917038053274155 2.79129153490067 2.32214188575745 0.532432556152344 6.70628011226654 324.930399060249 25.2947931289673 306.946710318327 7.31906834244728 9.20414519309998 34.8970834314823 114.734279423952 3.02501800656319 4.67134192585945 8.52730438113213 6.89990141987801 0 23.9586121439934 54.2072042226791
7.9708938896656 1.42812579870224 1.98110076785088 5.33616083860397 14.6335375010967 6.87134474515915 58.5842689871788 21.3810541629791 31.9959880113602 1247.92049728334 106.677965432405 4064.34072977304 16844.3400934041 1296.50677019358 3666.69286647439 259.848547175527 1777.55903884768 199.493823289871 573.678913921118 67.7142853140831 255.961895704269 0 7435.34147289395 2076.61323910952 481.855938225985 4341.92092746496 221.607208669186 661.061017394066 55.2724078297615 8916.00345611572 1.02426028251648 99.7804224491119 618.759845882654 1056.44845497608 15024.0527913272 13.6632803082466 472.998436570168 621.131751030684 1558.28790363669 1233.48772221804 1571.8605851531 72.1613373160362 6819.87715628743 2.20307546854019 64.1274017989635 1672.59713009 29577.8758146763 1154.62041214108 16.7776781022549 38.3070931732655 1.71399366855621 0 3.1860710978508 0 0 0 0.76268196105957 1.95941597223282 4.53305771946907 21.1732240617275 123.293525338173 168.192898452282 71.4414905011654 8.44331967830658 3.79578384757042 273.417364954948 18.5446015894413 1.01220497488976 1.23955693840981 3.89097565412521 9.122748285532 624.697042524815 96.5899290144444 2.70858216285706 3.15053468942642 622.200088530779 4.83648553490639 1300.25968325138 0.498247146606445 2.45065918564796 5.74290883541107 10.6442497372627 1.45487898588181 12.9421489536762 3.71666210889816 378.464041799307 89.2347666025162 311.930804401636 4.57226270437241 4.27272039651871 27.0835967063904 1.32577234506607 41.8622456789017 0.889928162097931 12.2925132513046 2.65270406007767 23.114599108696 46.0628772079945 0.494276702404022 1.43692177534103
23.9733963310719 2.60967737436295 3.05583822727203 5.52343234419823 11.1562345027924 13.4640271663666 298.947585344315 105.176585197449 72.9019580483437 104.872255787253 324.582986563444 4433.80437088013 3452.55580163002 26924.1098529398 13771.507222116 625.275417625904 723.45325666666 1058.25784668326 3677.52310007811 505.539447188377 3693.23480477929 7435.34147289395 0 479.892393112183 3614.63639806211 3895.12577772141 17.5955649018288 445.943212598562 472.866175115108 10652.8083090484 7.58629611134529 141.651767000556 588.794714391232 2111.1162930131 249.487457573414 63.0262464880943 1659.4229465127 359.91458106041 464.508350983262 268.097905635834 4851.25060766935 44.0354351997375 262.960043787956 3.70744788646698 6.17909726500511 1277.84690380096 14899.3857385516 16799.9771170318 46.8798127472401 142.267990708351 2.75005084276199 0 4.5145979821682 0.747096121311188 0 1.60313183069229 0 5.18465408682823 4.35677406191826 155.461553603411 238.296736240387 451.932435661554 204.649133145809 30.9028373509645 3.27734193205833 1270.88289195299 34.0714829564095 1.47119164466858 4.6658550798893 4.18870535492897 7.1452120244503 849.241227656603 335.017096757889 3.96424859762192 2.16536226868629 949.198718607426 25.0958445072174 1687.68509432673 0.355609118938446 7.00194352865219 11.0083468854427 18.4867101311684 2.56423202157021 10.8708757460117 1.42649739980698 166.423927217722 477.225135356188 304.081772565842 9.60894906520844 6.02730324864388 38.525335803628 2.27284812927246 50.0988135039806 1.59539812803268 8.81740435957909 1.19835162162781 28.6767411530018 24.3136490881443 1.70714426040649 0.624780654907227
19.2081003189087 0 0 2.48084336519241 6.84730058908463 5.78076699376106 51.7079766988754 107.432353615761 19.2476909458637 3973.39949813485 718.712136656046 4350.13002946973 2424.61893680692 1215.6230314523 1650.2203065455 55.904891461134 4006.89551535249 4737.27132678032 3231.0083874166 2092.1525554657 5988.64811450243 2076.61323910952 479.892393112183 0 875.927288651466 2231.15837600827 27.0409426987171 133.14588445425 500.733844220638 314.468970835209 4.10175469517708 31.2782521396875 75.151097625494 2720.32258015871 505.306661978364 299.710546404123 968.239660590887 230.962158054113 489.707574397326 2232.41433799267 4806.69851580262 65.1545734107494 1481.37522599101 42.3422710597515 14.3188311457634 283.895007252693 1628.55823773146 105.635536789894 229.151854485273 1247.84780332446 24.2408959269524 1.76047012209892 4.46615928411484 17.0978044271469 7.32256498932838 25.3659635484219 6.35484406352043 11.6915300488472 328.929657995701 87.0686536133289 13.9682860672474 4.45460987091064 1.06963968276978 0.74372810125351 65.6470408141613 274.457873225212 5.02075070142746 4.36864420771599 0 17.4042720794678 137.582703113556 13.6768416762352 1.2457021176815 81.2980791330338 123.448955982924 383.907619088888 77.7209259271622 19.4907904565334 3.08724015951157 41.6745431423187 70.8888735473156 14.6450021862984 1.84055858850479 2.66959717869759 0 5.40099060535431 209.811792194843 14.0846126973629 183.783037215471 27.444634437561 55.9069527089596 66.2956456840038 217.910715281963 3.5881761610508 0.787335216999054 2.46693694591522 1.19921684265137 1.13267976045609 19.6260521113873 50.5621388852596
1159.98004257679 1434.94155782461 759.820811152458 2808.55457803607 7873.01453100145 2340.14061160386 847.427881807089 2828.53128728271 3288.83278501034 8028.56730593741 1877.32186251879 17034.5656356514 3798.5857039094 6429.89175465703 8957.41420419514 964.93794849515 227.423466533422 2626.72771337628 595.412916064262 1705.04186183214 3482.05563160777 481.855938225985 3614.63639806211 875.927288651466 0 4536.09971056879 230.458093002439 625.652844458818 331.042778760195 777.823140859604 976.612375199795 13112.3809604496 450.970200330019 585.471711605787 286.277600079775 784.651900261641 687.602537989616 7614.16190493107 1381.46395111084 342.629495382309 1732.8635148406 3806.17447286844 1539.69553767145 421.989273935556 524.535742491484 3454.78054559231 534.258969157934 251.522998481989 817.889610588551 1099.61093622446 321.372687667608 78.0707787871361 257.219839677215 290.236449882388 233.332261875272 564.270465955138 126.006977438927 1431.7942057848 1888.36841192842 276.237856060266 28.9815973043442 25.3476046025753 14.0275038778782 2.63530653715134 120.374618172646 378.804758280516 114.366349607706 3.79704636335373 5.30879962444305 333.773599207401 709.058965742588 78.6749387979507 19.6813475489616 424.255703657866 468.826163679361 2650.06093454361 82.295468300581 171.438322931528 9.65594702959061 633.67524600029 311.471825897694 136.063192784786 60.2589611411095 173.92667722702 21.1045557260513 158.310295671225 187.059755325317 55.2623974978924 1462.8093097806 93.741004794836 720.033655807376 745.228965580463 1706.40396021307 117.179849088192 92.7835403084755 50.1105333268642 113.531884640455 16.3277761340141 190.095712929964 133.104278296232
